共 1000 条请求，成功 1000，失败 0

===== 汇总（仅成功请求） =====
  latency（端到端）                 n=1000 mean=192670.00ms  p50=210742.28  p90=318878.15  p99=374273.43  min=  2984.63  max=426083.36
  P端prefill+网络（推算）             n=1000 mean=170730.62ms  p50=190037.22  p90=298885.56  p99=330418.79  min=    43.06  max=334106.76
  D端总耗时（排队+decode）             n=1000 mean= 21939.38ms  p50= 10656.67  p90= 52197.53  p99=137530.73  min=  2860.14  max=140533.79
  D端排队+调度（推算）                  n=1000 mean=   103.33ms  p50=    76.08  p90=   193.82  p99=   430.40  min=    26.82  max=   477.68
  D端排队占比                       n=1000 mean=     0.80%  p50=     0.65  p90=     1.38  p99=     1.79  min=     0.25  max=     2.05
  D端GPU decode（纯算）             n=1000 mean= 21836.05ms  p50= 10591.95  p90= 52007.07  p99=137100.34  min=  2823.89  max=140082.98
  轮均GPU耗时                      无数据

===== 逐轮 GPU forward 耗时分布（所有请求合并） =====
  每轮 forward                   无数据

===== 逐请求明细 =====
 idx   latency     P端(推算)       D端总       排队     排队%       GPU    轮数       轮均
   0   25628.2      466.3   25161.8    128.4    0.5%   25033.4     0     0.00
   1    3263.1      402.9    2860.1     36.2    1.3%    2823.9     0     0.00
   2    7227.9       61.1    7166.8     54.2    0.8%    7112.6     0     0.00
   3    2984.6       72.2    2912.4     38.8    1.3%    2873.6     0     0.00
   4    3002.8       81.2    2921.6     39.6    1.4%    2882.0     0     0.00
   5   26628.3       86.6   26541.6    160.0    0.6%   26381.6     0     0.00
   6   43295.1       79.9   43215.2    224.3    0.5%   42991.0     0     0.00
   7   26237.6       79.2   26158.4    157.4    0.6%   26001.0     0     0.00
   8   36081.2       67.2   36014.0    199.5    0.6%   35814.5     0     0.00
   9    8353.3       70.9    8282.4     60.5    0.7%    8221.9     0     0.00
  10    7249.4       84.4    7165.0     53.0    0.7%    7112.0     0     0.00
  11   58101.8       66.0   58035.8    273.2    0.5%   57762.6     0     0.00
  12   19700.3       86.9   19613.4    129.8    0.7%   19483.6     0     0.00
  13   18612.8      114.5   18498.3    126.9    0.7%   18371.4     0     0.00
  14    3149.5      112.9    3036.7     38.5    1.3%    2998.2     0     0.00
  15    7881.7       69.0    7812.7     81.4    1.0%    7731.3     0     0.00
  16   17305.6       83.1   17222.5    120.9    0.7%   17101.5     0     0.00
  17   33437.3       64.8   33372.6    189.4    0.6%   33183.1     0     0.00
  18   29245.4       72.0   29173.4    169.8    0.6%   29003.6     0     0.00
  19    3228.1       65.7    3162.4     43.8    1.4%    3118.6     0     0.00
  20    3240.7       78.9    3161.8     42.4    1.3%    3119.4     0     0.00
  21   41285.2       68.7   41216.5    213.1    0.5%   41003.5     0     0.00
  22   46944.7       85.9   46858.9    233.7    0.5%   46625.2     0     0.00
  23   29877.3       86.4   29790.9    178.3    0.6%   29612.6     0     0.00
  24   67961.9       83.2   67878.6    308.0    0.5%   67570.7     0     0.00
  25   58328.0       76.2   58251.8    276.0    0.5%   57975.8     0     0.00
  26    3270.0       67.3    3202.7     65.8    2.1%    3136.9     0     0.00
  27    8306.5       84.2    8222.3     85.1    1.0%    8137.3     0     0.00
  28    6589.0       76.5    6512.5     76.9    1.2%    6435.6     0     0.00
  29  134786.4       83.6  134702.7    473.0    0.4%  134229.7     0     0.00
  30   22568.2       94.0   22474.1    144.0    0.6%   22330.2     0     0.00
  31    3985.9       79.7    3906.1     66.2    1.7%    3839.9     0     0.00
  32    3295.1       66.8    3228.3     64.0    2.0%    3164.3     0     0.00
  33   31787.0       94.2   31692.8    177.7    0.6%   31515.1     0     0.00
  34   55564.5       78.0   55486.5    241.9    0.4%   55244.6     0     0.00
  35    4972.5       89.7    4882.8     50.2    1.0%    4832.6     0     0.00
  36   35408.6      111.8   35296.8    168.4    0.5%   35128.4     0     0.00
  37   40928.4       71.4   40857.0    166.9    0.4%   40690.2     0     0.00
  38    8284.4       73.4    8211.0     62.6    0.8%    8148.4     0     0.00
  39    4061.6       87.3    3974.3     44.7    1.1%    3929.6     0     0.00
  40    6531.1       73.6    6457.4     54.0    0.8%    6403.4     0     0.00
  41   46951.6       72.2   46879.4    207.5    0.4%   46671.9     0     0.00
  42   10877.1       76.1   10801.0     75.6    0.7%   10725.4     0     0.00
  43    6635.7       43.1    6592.6     56.5    0.9%    6536.1     0     0.00
  44   26307.5       77.9   26229.5    135.1    0.5%   26094.4     0     0.00
  45    3359.3       70.9    3288.4     42.6    1.3%    3245.8     0     0.00
  46   40145.4       84.5   40060.9    180.8    0.5%   39880.1     0     0.00
  47    3394.5       69.8    3324.7     44.8    1.3%    3279.9     0     0.00
  48    3396.6       71.1    3325.4     44.3    1.3%    3281.2     0     0.00
  49    3398.4       76.5    3321.9     44.3    1.3%    3277.6     0     0.00
  50   59133.8       76.6   59057.2    247.3    0.4%   58809.9     0     0.00
  51    3400.0       81.3    3318.6     44.5    1.3%    3274.2     0     0.00
  52  136513.9       74.9  136438.9    437.6    0.3%  136001.4     0     0.00
  53    3412.8       79.4    3333.4     45.5    1.4%    3287.8     0     0.00
  54    3689.0       61.0    3628.0     46.7    1.3%    3581.3     0     0.00
  55    3432.3       77.1    3355.2     47.4    1.4%    3307.8     0     0.00
  56   18528.7       91.3   18437.4    104.2    0.6%   18333.2     0     0.00
  57    3433.9       74.1    3359.7     47.3    1.4%    3312.4     0     0.00
  58    3452.3       91.9    3360.4     47.0    1.4%    3313.4     0     0.00
  59    8246.1       97.3    8148.8     64.7    0.8%    8084.1     0     0.00
  60    6865.3       79.1    6786.2     58.8    0.9%    6727.4     0     0.00
  61    3413.7       50.0    3363.6     46.7    1.4%    3317.0     0     0.00
  62   27635.1       90.4   27544.7    131.6    0.5%   27413.1     0     0.00
  63   26304.1       73.9   26230.2    107.8    0.4%   26122.4     0     0.00
  64   31933.5       73.2   31860.3    145.1    0.5%   31715.2     0     0.00
  65    3442.8       55.1    3387.8     44.1    1.3%    3343.7     0     0.00
  66    3439.6       45.5    3394.1     44.2    1.3%    3349.9     0     0.00
  67   34890.7       93.2   34797.5    154.6    0.4%   34643.0     0     0.00
  68    3509.4       88.8    3420.6     42.7    1.2%    3377.9     0     0.00
  69    3521.7       94.7    3427.0     42.8    1.3%    3384.2     0     0.00
  70    6979.2      100.3    6878.9     53.0    0.8%    6826.0     0     0.00
  71   19752.5     2902.9   16849.6     92.9    0.6%   16756.8     0     0.00
  72   15237.4     2985.9   12251.5     77.2    0.6%   12174.3     0     0.00
  73    8644.4     5164.0    3480.4     49.2    1.4%    3431.2     0     0.00
  74   41689.9     6910.7   34779.3    153.2    0.4%   34626.1     0     0.00
  75    8690.7     5224.1    3466.5     44.2    1.3%    3422.3     0     0.00
  76   11827.5     4775.1    7052.4     55.6    0.8%    6996.8     0     0.00
  77   20959.7     5391.6   15568.1     83.1    0.5%   15485.0     0     0.00
  78   48961.5     5333.1   43628.4    178.4    0.4%   43450.0     0     0.00
  79   21206.9     4984.9   16222.0     85.7    0.5%   16136.3     0     0.00
  80   36558.7     7321.1   29237.6    134.8    0.5%   29102.8     0     0.00
  81   10373.6     6851.5    3522.1     44.7    1.3%    3477.4     0     0.00
  82   11599.9     6466.1    5133.9     50.0    1.0%    5083.8     0     0.00
  83   18780.9     5516.5   13264.4     76.1    0.6%   13188.3     0     0.00
  84   12042.6     8514.1    3528.6     45.3    1.3%    3483.3     0     0.00
  85   39242.6     8190.2   31052.3    140.5    0.5%   30911.8     0     0.00
  86   12014.1     8403.2    3610.9     43.2    1.2%    3567.7     0     0.00
  87   26427.2     8003.5   18423.7     98.7    0.5%   18325.0     0     0.00
  88   16411.5     7961.5    8450.0     62.1    0.7%    8387.9     0     0.00
  89   32373.7    12196.0   20177.7    126.3    0.6%   20051.5     0     0.00
  90   41478.7    11966.1   29512.6    155.1    0.5%   29357.5     0     0.00
  91  149231.5    10428.2  138803.3    461.3    0.3%  138342.0     0     0.00
  92   48580.7    11125.9   37454.7    174.8    0.5%   37279.9     0     0.00
  93   34731.0    10361.7   24369.3    135.9    0.6%   24233.5     0     0.00
  94   13529.6    10004.7    3525.0     62.0    1.8%    3463.0     0     0.00
  95   66700.0     9035.2   57664.8    183.7    0.3%   57481.1     0     0.00
  96   14990.4     8593.3    6397.1     52.2    0.8%    6344.9     0     0.00
  97   23004.4     7699.1   15305.3     87.9    0.6%   15217.4     0     0.00
  98   60570.2     7720.0   52850.3    167.2    0.3%   52683.0     0     0.00
  99   18836.7    10413.3    8423.4     79.1    0.9%    8344.3     0     0.00
 100   65475.8    10137.9   55337.9    194.3    0.4%   55143.6     0     0.00
 101   34311.1    10106.8   24204.3    133.0    0.5%   24071.3     0     0.00
 102   13746.6    10294.6    3452.1     45.6    1.3%    3406.4     0     0.00
 103   61641.3    10932.6   50708.6    160.4    0.3%   50548.3     0     0.00
 104   14227.3    10822.4    3404.9     46.7    1.4%    3358.3     0     0.00
 105   13939.3    10505.3    3434.0     44.4    1.3%    3389.7     0     0.00
 106   72319.5    10937.1   61382.3    193.8    0.3%   61188.6     0     0.00
 107   18822.2    11930.4    6891.8     57.6    0.8%    6834.3     0     0.00
 108   59009.5    12193.5   46816.0    145.7    0.3%   46670.3     0     0.00
 109   15506.0    12060.7    3445.3     42.0    1.2%    3403.3     0     0.00
 110   28044.1    11571.5   16472.6     88.2    0.5%   16384.4     0     0.00
 111   15346.3    11891.8    3454.5     43.6    1.3%    3410.9     0     0.00
 112   17722.7    14268.0    3454.7     47.4    1.4%    3407.3     0     0.00
 113   17742.0    14290.5    3451.5     44.3    1.3%    3407.2     0     0.00
 114   21338.5    14160.5    7178.1     58.4    0.8%    7119.7     0     0.00
 115   34078.2    14191.7   19886.5     97.1    0.5%   19789.4     0     0.00
 116   70294.5    13786.5   56508.0    192.0    0.3%   56316.0     0     0.00
 117   16920.2    13467.3    3452.9     42.7    1.2%    3410.2     0     0.00
 118   16151.5    12698.9    3452.5     42.2    1.2%    3410.3     0     0.00
 119   55062.6    11900.5   43162.2    128.5    0.3%   43033.6     0     0.00
 120   14506.2    11053.8    3452.4     42.1    1.2%    3410.3     0     0.00
 121   48698.6    13592.5   35106.1    109.0    0.3%   34997.1     0     0.00
 122   57744.8    13537.7   44207.1    137.0    0.3%   44070.1     0     0.00
 123   56022.1    12977.1   43045.0    133.5    0.3%   42911.5     0     0.00
 124  153762.2    14191.3  139570.9    451.5    0.3%  139119.4     0     0.00
 125   19434.1    14218.1    5216.0     46.7    0.9%    5169.3     0     0.00
 126   34063.9    14208.8   19855.2     89.0    0.4%   19766.2     0     0.00
 127   51335.4    14366.7   36968.6    108.5    0.3%   36860.2     0     0.00
 128   71356.5    18641.5   52715.0    161.6    0.3%   52553.3     0     0.00
 129   74681.7    18617.0   56064.8    170.2    0.3%   55894.5     0     0.00
 130   59801.6    18128.0   41673.6    128.0    0.3%   41545.6     0     0.00
 131   52826.9    18532.9   34294.0    101.4    0.3%   34192.6     0     0.00
 132   80460.0    18527.0   61933.0    184.2    0.3%   61748.8     0     0.00
 133   38679.9    20443.6   18236.3     61.1    0.3%   18175.2     0     0.00
 134   23572.3    20069.3    3503.0     44.6    1.3%    3458.4     0     0.00
 135   25534.1    22023.0    3511.1     42.5    1.2%    3468.6     0     0.00
 136   25407.4    21896.0    3511.5     42.6    1.2%    3468.8     0     0.00
 137   34038.2    21596.0   12442.2     44.8    0.4%   12397.4     0     0.00
 138   31037.9    21294.1    9743.8     38.8    0.4%    9705.0     0     0.00
 139   24648.7    21133.3    3515.4     41.1    1.2%    3474.3     0     0.00
 140   54550.8    49229.7    5321.1     70.1    1.3%    5251.0     0     0.00
 141   73417.4    49217.8   24199.6    108.1    0.4%   24091.4     0     0.00
 142   52719.7    49008.0    3711.7     65.3    1.8%    3646.4     0     0.00
 143   59353.8    49729.9    9623.9     64.9    0.7%    9559.0     0     0.00
 144   53916.4    49661.5    4254.9     66.7    1.6%    4188.2     0     0.00
 145   61811.7    49602.5   12209.2     91.8    0.8%   12117.4     0     0.00
 146   57767.6    48862.9    8904.7     60.5    0.7%    8844.2     0     0.00
 147  113982.4    48504.9   65477.4    217.7    0.3%   65259.7     0     0.00
 148   82300.9    48422.4   33878.5    151.6    0.4%   33726.8     0     0.00
 149   60794.4    48811.1   11983.3     88.2    0.7%   11895.0     0     0.00
 150   56763.4    47994.4    8769.0     59.0    0.7%    8710.0     0     0.00
 151   55967.3    47983.4    7983.8     55.5    0.7%    7928.3     0     0.00
 152   91905.0    48584.1   43321.0    154.0    0.4%   43167.0     0     0.00
 153   52233.6    48506.8    3726.9     61.8    1.7%    3665.1     0     0.00
 154   59209.5    49032.3   10177.2     81.4    0.8%   10095.8     0     0.00
 155   66760.2    48946.6   17813.6     84.0    0.5%   17729.6     0     0.00
 156   53698.7    48389.4    5309.2     30.1    0.6%    5279.1     0     0.00
 157   59442.2    49006.3   10435.9     81.9    0.8%   10354.0     0     0.00
 158   67667.0    51483.0   16184.0    100.6    0.6%   16083.4     0     0.00
 159   61324.8    53567.3    7757.5     75.7    1.0%    7681.8     0     0.00
 160   70238.9    51985.5   18253.4     87.4    0.5%   18166.0     0     0.00
 161   79672.5    51695.8   27976.7    113.9    0.4%   27862.8     0     0.00
 162   99624.1    51537.2   48086.9    164.5    0.3%   47922.4     0     0.00
 163  104542.4    51412.5   53129.9    178.1    0.3%   52951.8     0     0.00
 164   88220.7    50888.4   37332.3    154.7    0.4%   37177.6     0     0.00
 165   70882.1    50673.4   20208.7     90.2    0.4%   20118.5     0     0.00
 166   54714.5    50966.2    3748.3     61.0    1.6%    3687.3     0     0.00
 167   54521.9    50773.7    3748.2     61.0    1.6%    3687.3     0     0.00
 168   59135.1    50275.2    8859.9     56.5    0.6%    8803.4     0     0.00
 169   84970.7    52444.7   32526.0    120.5    0.4%   32405.6     0     0.00
 170   61114.7    52265.3    8849.5     58.0    0.7%    8791.4     0     0.00
 171   58131.8    52181.7    5950.1     48.1    0.8%    5902.0     0     0.00
 172   59340.7    51138.9    8201.8     56.3    0.7%    8145.5     0     0.00
 173  113676.2    54173.3   59502.8    223.8    0.4%   59279.0     0     0.00
 174   59761.0    56032.7    3728.3     65.0    1.7%    3663.3     0     0.00
 175   60068.8    56360.6    3708.2     46.5    1.3%    3661.8     0     0.00
 176  102839.1    54956.8   47882.3    165.9    0.3%   47716.4     0     0.00
 177  127812.4    54313.3   73499.0    282.0    0.4%   73217.0     0     0.00
 178   81452.3    54760.3   26692.0    124.3    0.5%   26567.7     0     0.00
 179  104160.6    55534.1   48626.5    165.8    0.3%   48460.7     0     0.00
 180   88062.9    55563.9   32499.0    119.7    0.4%   32379.2     0     0.00
 181   63333.6    54510.9    8822.7     55.8    0.6%    8766.9     0     0.00
 182   62075.8    54663.9    7411.8     52.1    0.7%    7359.8     0     0.00
 183  103692.5    58445.7   45246.7    160.2    0.4%   45086.5     0     0.00
 184   60546.1    56809.7    3736.4     43.2    1.2%    3693.2     0     0.00
 185   66326.9    56421.0    9905.9     77.3    0.8%    9828.7     0     0.00
 186  102955.2    60408.5   42546.7    173.3    0.4%   42373.4     0     0.00
 187  109941.9    59602.3   50339.7    199.6    0.4%   50140.1     0     0.00
 188   61406.5    57781.7    3624.9     61.3    1.7%    3563.6     0     0.00
 189   67129.3    57173.5    9955.8     59.0    0.6%    9896.8     0     0.00
 190   96622.0    56853.5   39768.5    141.7    0.4%   39626.8     0     0.00
 191   66292.9    56615.9    9677.0     57.1    0.6%    9619.9     0     0.00
 192   87119.1    56403.1   30715.9    112.8    0.4%   30603.1     0     0.00
 193   59909.8    56287.2    3622.5     59.4    1.6%    3563.1     0     0.00
 194   59350.8    55728.4    3622.5     59.4    1.6%    3563.1     0     0.00
 195  108645.7    59151.8   49493.8    199.5    0.4%   49294.3     0     0.00
 196   78338.1    61246.9   17091.2     95.6    0.6%   16995.6     0     0.00
 197   72434.7    68799.6    3635.0     62.2    1.7%    3572.8     0     0.00
 198   79748.6    68283.9   11464.7     63.8    0.6%   11400.9     0     0.00
 199   75480.1    68110.6    7369.5     72.0    1.0%    7297.5     0     0.00
 200   89524.3    67764.4   21760.0     92.5    0.4%   21667.4     0     0.00
 201   89704.9    67565.1   22139.8     93.3    0.4%   22046.5     0     0.00
 202  109068.6    66541.0   42527.6    187.4    0.4%   42340.2     0     0.00
 203   69060.7    65444.3    3616.4     43.5    1.2%    3572.8     0     0.00
 204   95772.9    65434.7   30338.2    124.1    0.4%   30214.2     0     0.00
 205   77459.1    67118.2   10340.9     42.7    0.4%   10298.3     0     0.00
 206   77676.1    68741.1    8935.0     40.5    0.5%    8894.5     0     0.00
 207  100711.9    66672.1   34039.9    138.4    0.4%   33901.4     0     0.00
 208   78395.6    74671.6    3724.0     43.6    1.2%    3680.4     0     0.00
 209   78223.5    74499.6    3723.9     43.3    1.2%    3680.6     0     0.00
 210  117733.0    74514.3   43218.7    205.9    0.5%   43012.7     0     0.00
 211   83768.9    78859.7    4909.2     49.8    1.0%    4859.4     0     0.00
 212  105073.5    77948.3   27125.2    150.0    0.6%   26975.2     0     0.00
 213  100850.6    76639.6   24211.1    136.7    0.6%   24074.4     0     0.00
 214   86236.3    78743.5    7492.8     78.1    1.0%    7414.7     0     0.00
 215  141100.1    77709.3   63390.8    251.1    0.4%   63139.7     0     0.00
 216   83033.7    79306.3    3727.4     44.7    1.2%    3682.7     0     0.00
 217   82736.6    79009.7    3726.8     44.6    1.2%    3682.2     0     0.00
 218  120479.2    77307.7   43171.5    211.4    0.5%   42960.1     0     0.00
 219  103016.0    78073.7   24942.3    146.5    0.6%   24795.8     0     0.00
 220   81185.8    77427.7    3758.1     64.0    1.7%    3694.1     0     0.00
 221  186191.1    79832.2  106358.9    369.0    0.3%  105989.9     0     0.00
 222   92875.7    79770.9   13104.9     99.5    0.8%   13005.4     0     0.00
 223   82320.0    78564.1    3755.9     67.7    1.8%    3688.2     0     0.00
 224   82478.6    78720.1    3758.5     66.1    1.8%    3692.4     0     0.00
 225  114015.5    78043.2   35972.3    184.8    0.5%   35787.5     0     0.00
 226   81344.0    77586.7    3757.3     64.5    1.7%    3692.8     0     0.00
 227  140535.0    77748.2   62786.9    242.8    0.4%   62544.0     0     0.00
 228   98545.4    77516.4   21029.0    132.0    0.6%   20897.0     0     0.00
 229   81071.1    77362.7    3708.4     48.2    1.3%    3660.2     0     0.00
 230   81004.4    77264.5    3739.9     46.2    1.2%    3693.6     0     0.00
 231  113688.1    77546.3   36141.8    167.5    0.5%   35974.3     0     0.00
 232  113190.8    77117.5   36073.3    166.3    0.5%   35906.9     0     0.00
 233  151590.8    76848.3   74742.4    272.2    0.4%   74470.2     0     0.00
 234  186900.7    76107.7  110793.0    377.0    0.3%  110415.9     0     0.00
 235   83338.6    76034.6    7304.0     75.5    1.0%    7228.5     0     0.00
 236   85880.4    75633.0   10247.4     86.7    0.8%   10160.7     0     0.00
 237   80985.2    76474.5    4510.7     50.4    1.1%    4460.3     0     0.00
 238   80599.1    76945.5    3653.6     46.9    1.3%    3606.7     0     0.00
 239   85467.5    76977.2    8490.3     64.2    0.8%    8426.1     0     0.00
 240  213252.2    75973.8  137278.4    435.3    0.3%  136843.1     0     0.00
 241  114905.9    77046.9   37859.0    170.9    0.5%   37688.1     0     0.00
 242   88261.7    76165.7   12095.9     80.6    0.7%   12015.3     0     0.00
 243   84364.7    76120.8    8243.9     61.6    0.7%    8182.3     0     0.00
 244   85493.6    75643.2    9850.4     68.8    0.7%    9781.5     0     0.00
 245   88828.1    74882.1   13946.0     85.7    0.6%   13860.3     0     0.00
 246   81885.8    77545.5    4340.3     48.8    1.1%    4291.5     0     0.00
 247   85345.6    78120.6    7224.9     62.9    0.9%    7162.0     0     0.00
 248   81638.0    78029.5    3608.5     46.0    1.3%    3562.5     0     0.00
 249  122340.5    79819.7   42520.8    160.6    0.4%   42360.2     0     0.00
 250   83276.1    79662.5    3613.6     48.3    1.3%    3565.3     0     0.00
 251   82204.4    78591.7    3612.7     47.7    1.3%    3565.0     0     0.00
 252  117865.4    79217.7   38647.7    167.0    0.4%   38480.6     0     0.00
 253   82036.2    78420.5    3615.7     49.8    1.4%    3565.9     0     0.00
 254   81997.9    78382.2    3615.7     49.4    1.4%    3566.3     0     0.00
 255  107626.4    78619.2   29007.2    139.6    0.5%   28867.6     0     0.00
 256   91144.6    78178.6   12966.0     85.7    0.7%   12880.3     0     0.00
 257   97035.5    77599.4   19436.1    102.7    0.5%   19333.4     0     0.00
 258   81216.1    77596.4    3619.7     48.3    1.3%    3571.4     0     0.00
 259   80661.8    77042.2    3619.6     48.2    1.3%    3571.4     0     0.00
 260   85016.5    77865.1    7151.4     63.1    0.9%    7088.3     0     0.00
 261   81862.9    78238.7    3624.1     47.7    1.3%    3576.5     0     0.00
 262   93912.0    78094.1   15817.9     91.2    0.6%   15726.7     0     0.00
 263  101150.2    78240.7   22909.4    117.7    0.5%   22791.7     0     0.00
 264   85541.4    78274.8    7266.5     59.1    0.8%    7207.4     0     0.00
 265   79751.1    76125.9    3625.3     45.1    1.2%    3580.1     0     0.00
 266   80218.7    76589.5    3629.2     48.5    1.3%    3580.7     0     0.00
 267   88560.7    76863.7   11697.0     75.8    0.6%   11621.2     0     0.00
 268   84044.9    76771.3    7273.6     57.7    0.8%    7215.9     0     0.00
 269   82488.6    78851.5    3637.1     45.9    1.3%    3591.1     0     0.00
 270   81841.2    78204.8    3636.5     45.4    1.2%    3591.1     0     0.00
 271  102258.3    78149.9   24108.4    116.8    0.5%   23991.6     0     0.00
 272   80983.2    77345.2    3638.0     44.0    1.2%    3594.0     0     0.00
 273   87802.6    77310.4   10492.2     69.1    0.7%   10423.1     0     0.00
 274  120893.1    75550.9   45342.1    147.5    0.3%   45194.6     0     0.00
 275   78025.4    74387.3    3638.2     42.9    1.2%    3595.3     0     0.00
 276   82256.9    74214.2    8042.6     58.9    0.7%    7983.7     0     0.00
 277  135147.4    74066.9   61080.5    193.4    0.3%   60887.2     0     0.00
 278   86627.6    77244.7    9382.8     64.6    0.7%    9318.3     0     0.00
 279   81637.8    78140.7    3497.2     45.4    1.3%    3451.8     0     0.00
 280  111949.9    77708.8   34241.1    115.0    0.3%   34126.1     0     0.00
 281  127598.4    77688.1   49910.3    156.0    0.3%   49754.3     0     0.00
 282   81148.2    77684.1    3464.1     42.8    1.2%    3421.3     0     0.00
 283  118496.9    75658.6   42838.2    136.8    0.3%   42701.4     0     0.00
 284  165888.3    75484.7   90403.5    297.6    0.3%   90105.9     0     0.00
 285  120072.6    75063.4   45009.1    141.6    0.3%   44867.6     0     0.00
 286   89596.2    74764.4   14831.8     82.1    0.6%   14749.6     0     0.00
 287   78039.9    74577.3    3462.6     41.4    1.2%    3421.2     0     0.00
 288  104805.6    76773.6   28032.0     96.4    0.3%   27935.6     0     0.00
 289   80315.2    76878.3    3436.9     41.7    1.2%    3395.1     0     0.00
 290  110452.0    75162.3   35289.7    112.1    0.3%   35177.7     0     0.00
 291   81664.9    78192.5    3472.5     45.0    1.3%    3427.4     0     0.00
 292   81605.6    78133.2    3472.4     45.0    1.3%    3427.4     0     0.00
 293   81678.9    78207.1    3471.7     43.1    1.2%    3428.6     0     0.00
 294   81235.5    77765.2    3470.2     42.2    1.2%    3428.0     0     0.00
 295   79281.4    75811.2    3470.2     42.2    1.2%    3428.0     0     0.00
 296  131901.7    78083.3   53818.4    162.4    0.3%   53656.0     0     0.00
 297  134751.9    78170.7   56581.2    171.9    0.3%   56409.3     0     0.00
 298  107756.8    77760.1   29996.7     94.6    0.3%   29902.0     0     0.00
 299   81041.6    77609.4    3432.2     45.6    1.3%    3386.6     0     0.00
 300   87312.0    77254.9   10057.1     62.1    0.6%    9995.0     0     0.00
 301  131034.1    77104.2   53929.9    159.9    0.3%   53770.0     0     0.00
 302  130351.2    76995.7   53355.4    155.8    0.3%   53199.6     0     0.00
 303  115963.8    76986.0   38977.8    117.2    0.3%   38860.6     0     0.00
 304   93047.4    76823.3   16224.1     72.6    0.4%   16151.5     0     0.00
 305  219690.5    80520.1  139170.4    392.9    0.3%  138777.6     0     0.00
 306  111646.8    81294.3   30352.6     92.9    0.3%   30259.7     0     0.00
 307  125329.3    92107.1   33222.2    123.0    0.4%   33099.2     0     0.00
 308  110632.5   102019.7    8612.8     57.6    0.7%    8555.2     0     0.00
 309  240308.2   100643.3  139664.9    421.6    0.3%  139243.3     0     0.00
 310  142302.7   101733.4   40569.3    149.2    0.4%   40420.1     0     0.00
 311  153391.0   102256.8   51134.1    202.4    0.4%   50931.7     0     0.00
 312  142940.3   102059.5   40880.8    150.4    0.4%   40730.4     0     0.00
 313  135767.3   104071.1   31696.2    122.7    0.4%   31573.4     0     0.00
 314  106786.6   103166.5    3620.2     41.6    1.2%    3578.5     0     0.00
 315  110542.8   106880.2    3662.7     63.4    1.7%    3599.3     0     0.00
 316  110397.8   106735.8    3662.0     62.3    1.7%    3599.7     0     0.00
 317  131313.7   106528.9   24784.8    103.2    0.4%   24681.6     0     0.00
 318  110918.0   107307.8    3610.2     44.3    1.2%    3565.9     0     0.00
 319  157778.5   106875.9   50902.6    186.0    0.4%   50716.6     0     0.00
 320  246349.3   106423.6  139925.7    418.9    0.3%  139506.8     0     0.00
 321  111567.8   106318.4    5249.4     47.5    0.9%    5201.9     0     0.00
 322  110013.4   106371.0    3642.3     42.3    1.2%    3600.0     0     0.00
 323  109910.7   106269.2    3641.5     41.2    1.1%    3600.2     0     0.00
 324  109872.9   106231.5    3641.4     41.2    1.1%    3600.2     0     0.00
 325  123168.9   109572.4   13596.5     71.2    0.5%   13525.3     0     0.00
 326  135215.6   109536.2   25679.3    105.3    0.4%   25574.0     0     0.00
 327  135749.5   111035.8   24713.8    101.6    0.4%   24612.2     0     0.00
 328  141479.5   110534.2   30945.4    121.5    0.4%   30823.9     0     0.00
 329  114018.3   110397.9    3620.3     41.2    1.1%    3579.1     0     0.00
 330  113233.1   109612.9    3620.3     41.2    1.1%    3579.1     0     0.00
 331  129506.7   118263.2   11243.6     65.6    0.6%   11178.0     0     0.00
 332  175978.7   117307.7   58671.0    203.6    0.3%   58467.5     0     0.00
 333  157938.8   117727.6   40211.1    155.9    0.4%   40055.2     0     0.00
 334  121040.1   117415.5    3624.6     45.0    1.2%    3579.6     0     0.00
 335  123924.2   116658.1    7266.1     52.2    0.7%    7213.9     0     0.00
 336  122664.5   119034.9    3629.6     43.3    1.2%    3586.3     0     0.00
 337  121208.9   117580.9    3628.1     41.6    1.1%    3586.4     0     0.00
 338  121147.1   117519.2    3627.9     41.4    1.1%    3586.5     0     0.00
 339  142353.2   122943.2   19410.0    114.4    0.6%   19295.6     0     0.00
 340  263390.1   122856.3  140533.8    450.8    0.3%  140083.0     0     0.00
 341  130735.7   122029.9    8705.8     59.3    0.7%    8646.5     0     0.00
 342  133346.5   123535.3    9811.2     83.3    0.8%    9727.9     0     0.00
 343  132279.1   123476.7    8802.4     60.5    0.7%    8741.9     0     0.00
 344  128658.0   123117.6    5540.4     68.4    1.2%    5471.9     0     0.00
 345  125478.6   121858.7    3619.9     43.6    1.2%    3576.3     0     0.00
 346  189270.2   121686.6   67583.5    219.3    0.3%   67364.2     0     0.00
 347  127672.3   120599.7    7072.7     53.4    0.8%    7019.3     0     0.00
 348  126920.4   123262.2    3658.3     45.4    1.2%    3612.9     0     0.00
 349  178784.2   123478.0   55306.2    187.8    0.3%   55118.4     0     0.00
 350  134429.3   123461.4   10967.9     88.4    0.8%   10879.5     0     0.00
 351  138094.7   123306.7   14788.0    100.0    0.7%   14688.0     0     0.00
 352  126744.9   123087.5    3657.4     44.0    1.2%    3613.4     0     0.00
 353  159306.1   122305.9   37000.1    138.3    0.4%   36861.9     0     0.00
 354  130935.4   123013.3    7922.1     77.8    1.0%    7844.3     0     0.00
 355  173084.4   122198.1   50886.3    172.9    0.3%   50713.4     0     0.00
 356  263814.4   123307.2  140507.2    450.7    0.3%  140056.5     0     0.00
 357  157126.2   122720.4   34405.7    130.5    0.4%   34275.3     0     0.00
 358  154904.3   122656.7   32247.6    123.5    0.4%   32124.1     0     0.00
 359  125916.4   122373.8    3542.6     62.5    1.8%    3480.1     0     0.00
 360  125831.2   122288.6    3542.5     62.4    1.8%    3480.1     0     0.00
 361  182717.6   121662.0   61055.6    195.0    0.3%   60860.6     0     0.00
 362  194425.6   121110.1   73315.5    226.8    0.3%   73088.7     0     0.00
 363  132617.8   121019.4   11598.4     68.8    0.6%   11529.6     0     0.00
 364  134256.4   120933.1   13323.2     92.8    0.7%   13230.4     0     0.00
 365  128491.9   119331.5    9160.4     61.6    0.7%    9098.7     0     0.00
 366  129686.0   119323.4   10362.6     65.3    0.6%   10297.3     0     0.00
 367  166749.0   120841.6   45907.3    136.9    0.3%   45770.5     0     0.00
 368  159277.7   120450.6   38827.1    121.3    0.3%   38705.7     0     0.00
 369  123900.2   120321.3    3578.8     43.6    1.2%    3535.2     0     0.00
 370  139952.8   122836.1   17116.7     65.0    0.4%   17051.8     0     0.00
 371  126171.6   122584.1    3587.5     45.8    1.3%    3541.7     0     0.00
 372  125965.2   122377.7    3587.4     45.8    1.3%    3541.7     0     0.00
 373  126058.8   122463.9    3594.9     42.5    1.2%    3552.5     0     0.00
 374  130940.0   123078.1    7862.0     54.7    0.7%    7807.2     0     0.00
 375  149466.7   125385.3   24081.4     78.3    0.3%   24003.1     0     0.00
 376  129057.5   125325.2    3732.3     26.8    0.7%    3705.5     0     0.00
 377  130018.7   126280.4    3738.3     44.1    1.2%    3694.2     0     0.00
 378  133553.2   129016.2    4537.1     46.3    1.0%    4490.7     0     0.00
 379  138844.4   128797.0   10047.4     59.6    0.6%    9987.8     0     0.00
 380  132468.3   128758.2    3710.0     43.4    1.2%    3666.6     0     0.00
 381  138597.6   129727.8    8869.8     55.2    0.6%    8814.6     0     0.00
 382  198094.6   133145.8   64948.8    201.0    0.3%   64747.8     0     0.00
 383  156000.7   140994.4   15006.3     73.8    0.5%   14932.5     0     0.00
 384  149926.9   140741.0    9185.9     59.9    0.7%    9126.0     0     0.00
 385  178235.5   140481.9   37753.6    125.7    0.3%   37627.9     0     0.00
 386  178328.3   140047.3   38281.0    126.6    0.3%   38154.4     0     0.00
 387  172149.8   146337.8   25812.0     98.4    0.4%   25713.7     0     0.00
 388  200900.6   146436.3   54464.3    175.1    0.3%   54289.2     0     0.00
 389  195440.5   146128.7   49311.8    159.9    0.3%   49151.9     0     0.00
 390  156811.6   147996.1    8815.5     55.0    0.6%    8760.5     0     0.00
 391  156323.3   147508.0    8815.3     54.5    0.6%    8760.8     0     0.00
 392  152248.6   147628.5    4620.1     44.5    1.0%    4575.5     0     0.00
 393  174546.4   159068.8   15477.6     68.4    0.4%   15409.2     0     0.00
 394  190297.9   158413.5   31884.4    115.5    0.4%   31768.9     0     0.00
 395  176900.0   158278.8   18621.1     77.2    0.4%   18543.9     0     0.00
 396  186561.5   159312.4   27249.0    123.3    0.5%   27125.8     0     0.00
 397  181054.6   159020.7   22033.8     87.7    0.4%   21946.1     0     0.00
 398  182909.6   158931.5   23978.1     95.0    0.4%   23883.1     0     0.00
 399  191605.4   173757.2   17848.1     83.1    0.5%   17765.0     0     0.00
 400  211111.6   173877.4   37234.2    136.6    0.4%   37097.6     0     0.00
 401  176442.1   172721.8    3720.3     42.7    1.1%    3677.6     0     0.00
 402  177204.0   171475.2    5728.9     48.3    0.8%    5680.6     0     0.00
 403  221001.9   174594.7   46407.2    166.4    0.4%   46240.9     0     0.00
 404  177748.4   174076.4    3672.0     43.0    1.2%    3629.0     0     0.00
 405  214816.5   174083.8   40732.7    148.6    0.4%   40584.1     0     0.00
 406  177719.8   174047.5    3672.3     43.3    1.2%    3629.0     0     0.00
 407  178172.3   173688.3    4484.0     66.3    1.5%    4417.6     0     0.00
 408  198921.2   172639.0   26282.2    128.6    0.5%   26153.6     0     0.00
 409  176226.6   172554.5    3672.1     43.1    1.2%    3629.0     0     0.00
 410  191805.2   172332.0   19473.2     90.2    0.5%   19383.0     0     0.00
 411  216713.9   174495.7   42218.1    153.7    0.4%   42064.5     0     0.00
 412  183917.9   174343.1    9574.7     58.2    0.6%    9516.5     0     0.00
 413  205344.2   173753.3   31590.8    138.2    0.4%   31452.6     0     0.00
 414  222439.0   172842.6   49596.4    179.6    0.4%   49416.8     0     0.00
 415  177158.8   172611.1    4547.7     46.2    1.0%    4501.5     0     0.00
 416  186343.1   172040.1   14302.9     89.5    0.6%   14213.4     0     0.00
 417  220918.6   171374.6   49544.0    196.1    0.4%   49348.0     0     0.00
 418  210970.9   170924.0   40046.9    144.3    0.4%   39902.7     0     0.00
 419  174873.6   171148.0    3725.6     42.4    1.1%    3683.1     0     0.00
 420  178393.2   170048.4    8344.7     52.3    0.6%    8292.4     0     0.00
 421  288484.7   177401.5  111083.2    405.9    0.4%  110677.3     0     0.00
 422  222745.9   177218.5   45527.4    189.7    0.4%   45337.8     0     0.00
 423  222193.7   177122.3   45071.5    188.2    0.4%   44883.3     0     0.00
 424  182539.2   176976.9    5562.3     50.0    0.9%    5512.3     0     0.00
 425  201525.4   176890.1   24635.3    102.6    0.4%   24532.7     0     0.00
 426  180456.1   176707.5    3748.6     43.2    1.2%    3705.4     0     0.00
 427  237741.8   175997.2   61744.6    242.4    0.4%   61502.1     0     0.00
 428  179755.2   176007.6    3747.6     42.1    1.1%    3705.5     0     0.00
 429  210051.8   175431.9   34619.9    133.1    0.4%   34486.8     0     0.00
 430  212801.9   179578.9   33223.0    151.7    0.5%   33071.2     0     0.00
 431  183062.5   179364.1    3698.5     44.8    1.2%    3653.7     0     0.00
 432  183296.0   179582.2    3713.8     63.4    1.7%    3650.4     0     0.00
 433  197745.2   179562.8   18182.4     82.8    0.5%   18099.6     0     0.00
 434  196217.1   178945.0   17272.1     95.6    0.6%   17176.4     0     0.00
 435  185888.4   182211.1    3677.3     61.6    1.7%    3615.7     0     0.00
 436  183901.1   180223.9    3677.2     61.6    1.7%    3615.7     0     0.00
 437  203866.0   179431.4   24434.6    103.9    0.4%   24330.7     0     0.00
 438  212452.3   178937.6   33514.7    153.2    0.5%   33361.5     0     0.00
 439  182476.5   178782.7    3693.8     43.4    1.2%    3650.5     0     0.00
 440  184040.7   177918.0    6122.7     31.6    0.5%    6091.2     0     0.00
 441  183476.5   179758.4    3718.1     42.3    1.1%    3675.8     0     0.00
 442  192626.8   186432.2    6194.6     52.5    0.8%    6142.1     0     0.00
 443  189480.2   185719.3    3760.9     43.2    1.1%    3717.7     0     0.00
 444  188627.4   184833.3    3794.1     42.4    1.1%    3751.8     0     0.00
 445  192269.6   184293.3    7976.3     56.3    0.7%    7920.0     0     0.00
 446  187485.3   183691.2    3794.0     42.3    1.1%    3751.8     0     0.00
 447  237325.3   183396.1   53929.2    234.1    0.4%   53695.1     0     0.00
 448  217211.2   185936.3   31274.9    153.3    0.5%   31121.6     0     0.00
 449  188755.8   184231.9    4524.0     47.5    1.0%    4476.5     0     0.00
 450  188514.8   183990.9    4523.9     47.4    1.0%    4476.5     0     0.00
 451  244460.9   183591.1   60869.8    239.6    0.4%   60630.1     0     0.00
 452  194164.4   184163.1   10001.3     83.3    0.8%    9918.0     0     0.00
 453  189392.3   185683.0    3709.4     44.1    1.2%    3665.3     0     0.00
 454  194436.7   185522.6    8914.1     81.1    0.9%    8833.1     0     0.00
 455  195417.3   187167.4    8249.8     79.7    1.0%    8170.2     0     0.00
 456  190544.0   185969.5    4574.5     67.3    1.5%    4507.2     0     0.00
 457  189605.6   185846.6    3759.0     64.4    1.7%    3694.7     0     0.00
 458  208702.5   186365.6   22336.8    127.0    0.6%   22209.8     0     0.00
 459  192096.5   187393.4    4703.0     69.0    1.5%    4634.0     0     0.00
 460  240203.2   187508.8   52694.4    214.5    0.4%   52479.9     0     0.00
 461  222315.3   187481.9   34833.5    174.8    0.5%   34658.7     0     0.00
 462  238865.9   187306.8   51559.1    227.1    0.4%   51332.0     0     0.00
 463  191626.4   187829.2    3797.2     65.2    1.7%    3732.1     0     0.00
 464  207994.6   187837.9   20156.7    117.0    0.6%   20039.7     0     0.00
 465  257183.3   187870.4   69312.9    258.1    0.4%   69054.8     0     0.00
 466  192928.0   189132.2    3795.8     63.6    1.7%    3732.2     0     0.00
 467  192639.3   188843.5    3795.8     63.6    1.7%    3732.2     0     0.00
 468  192645.9   188885.6    3760.3     28.3    0.8%    3732.0     0     0.00
 469  192690.5   188915.9    3774.6     49.9    1.3%    3724.8     0     0.00
 470  209784.4   189478.6   20305.8    119.8    0.6%   20186.0     0     0.00
 471  205455.7   188753.6   16702.2    104.9    0.6%   16597.3     0     0.00
 472  194769.4   190284.7    4484.8     66.4    1.5%    4418.4     0     0.00
 473  198741.4   190570.3    8171.1     79.9    1.0%    8091.2     0     0.00
 474  194851.4   190179.2    4672.1     66.1    1.4%    4606.0     0     0.00
 475  197656.2   190017.6    7638.7     78.6    1.0%    7560.1     0     0.00
 476  217149.1   189963.6   27185.5    145.0    0.5%   27040.4     0     0.00
 477  202345.1   189817.9   12527.3     91.4    0.7%   12435.9     0     0.00
 478  214295.0   189242.2   25052.8    134.9    0.5%   24917.9     0     0.00
 479  211930.1   188459.7   23470.4    128.9    0.5%   23341.5     0     0.00
 480  223406.2   187631.1   35775.1    174.8    0.5%   35600.4     0     0.00
 481  191619.4   185867.7    5751.7     47.9    0.8%    5703.8     0     0.00
 482  234306.3   185574.6   48731.7    196.0    0.4%   48535.8     0     0.00
 483  309016.7   191010.8  118005.9    422.2    0.4%  117583.7     0     0.00
 484  193741.7   190041.1    3700.6     66.6    1.8%    3634.0     0     0.00
 485  199002.6   189750.5    9252.2     64.7    0.7%    9187.5     0     0.00
 486  210633.6   189365.4   21268.2    111.4    0.5%   21156.8     0     0.00
 487  192750.0   189122.7    3627.3     47.2    1.3%    3580.1     0     0.00
 488  192919.1   189291.3    3627.8     44.8    1.2%    3583.0     0     0.00
 489  219059.4   189238.2   29821.2    137.7    0.5%   29683.5     0     0.00
 490  269982.4   188447.7   81534.7    302.9    0.4%   81231.8     0     0.00
 491  218699.4   188386.6   30312.8    140.5    0.5%   30172.3     0     0.00
 492  191325.7   187697.8    3627.9     44.6    1.2%    3583.3     0     0.00
 493  190932.4   187304.6    3627.8     44.5    1.2%    3583.3     0     0.00
 494  189257.0   185629.2    3627.8     44.5    1.2%    3583.3     0     0.00
 495  203832.8   184912.2   18920.7     95.6    0.5%   18825.1     0     0.00
 496  203050.7   184207.8   18842.9     96.1    0.5%   18746.9     0     0.00
 497  195234.3   186751.7    8482.5     61.7    0.7%    8420.9     0     0.00
 498  192302.2   186405.0    5897.2     50.2    0.9%    5847.0     0     0.00
 499  197133.5   190033.3    7100.2     60.6    0.9%    7039.6     0     0.00
 500  200275.2   190977.2    9298.0     69.5    0.7%    9228.5     0     0.00
 501  194182.8   190628.7    3554.1     50.3    1.4%    3503.8     0     0.00
 502  227431.5   190441.5   36990.0    158.1    0.4%   36831.9     0     0.00
 503  226060.3   191794.7   34265.6    151.0    0.4%   34114.6     0     0.00
 504  234647.5   191957.9   42689.6    170.1    0.4%   42519.5     0     0.00
 505  196676.5   191632.3    5044.1     48.7    1.0%    4995.5     0     0.00
 506  243284.4   191333.1   51951.3    198.8    0.4%   51752.6     0     0.00
 507  194614.2   191150.4    3463.7     43.9    1.3%    3419.8     0     0.00
 508  203009.9   190930.8   12079.1     78.2    0.6%   12000.8     0     0.00
 509  193630.0   190167.6    3462.5     42.6    1.2%    3419.9     0     0.00
 510  245991.7   189687.8   56303.9    215.6    0.4%   56088.3     0     0.00
 511  192842.8   189380.1    3462.8     41.3    1.2%    3421.5     0     0.00
 512  203233.0   193969.5    9263.5     70.2    0.8%    9193.4     0     0.00
 513  197253.4   193767.3    3486.1     44.4    1.3%    3441.6     0     0.00
 514  199526.4   193652.4    5873.9     58.0    1.0%    5815.9     0     0.00
 515  239656.6   193650.7   46005.9    159.7    0.3%   45846.2     0     0.00
 516  197619.0   194132.7    3486.3     44.3    1.3%    3442.1     0     0.00
 517  204958.2   193710.2   11248.0     70.7    0.6%   11177.3     0     0.00
 518  197711.1   194225.7    3485.4     49.1    1.4%    3436.3     0     0.00
 519  203588.5   193986.3    9602.2     66.0    0.7%    9536.3     0     0.00
 520  215144.9   194660.4   20484.5    101.7    0.5%   20382.9     0     0.00
 521  225545.0   192778.3   32766.7    135.2    0.4%   32631.5     0     0.00
 522  203218.6   192604.0   10614.6     70.9    0.7%   10543.6     0     0.00
 523  195210.0   191735.5    3474.5     44.5    1.3%    3430.0     0     0.00
 524  217422.2   191957.9   25464.3    112.8    0.4%   25351.5     0     0.00
 525  226877.8   191369.8   35508.0    119.6    0.3%   35388.4     0     0.00
 526  192976.9   189211.3    3765.6     42.4    1.1%    3723.2     0     0.00
 527  206549.8   189025.5   17524.3     67.0    0.4%   17457.3     0     0.00
 528  193382.1   189897.7    3484.4     41.1    1.2%    3443.3     0     0.00
 529  196562.5   193000.7    3561.7     45.9    1.3%    3515.8     0     0.00
 530  198621.2   195093.4    3527.8     50.4    1.4%    3477.4     0     0.00
 531  231215.5   195451.9   35763.6    140.9    0.4%   35622.7     0     0.00
 532  296263.8   195795.2  100468.6    330.1    0.3%  100138.6     0     0.00
 533  256362.7   195546.3   60816.4    233.5    0.4%   60582.9     0     0.00
 534  204342.0   195270.9    9071.0     41.8    0.5%    9029.2     0     0.00
 535  200612.1   195795.3    4816.7     50.1    1.0%    4766.6     0     0.00
 536  244015.1   194846.7   49168.4    186.4    0.4%   48982.1     0     0.00
 537  221996.4   194862.5   27133.9     89.2    0.3%   27044.7     0     0.00
 538  201395.9   194235.0    7161.0     49.6    0.7%    7111.4     0     0.00
 539  197417.9   193900.5    3517.4     41.1    1.2%    3476.4     0     0.00
 540  232218.9   200771.8   31447.1    152.0    0.5%   31295.1     0     0.00
 541  204148.6   200599.1    3549.6     60.8    1.7%    3488.8     0     0.00
 542  244668.8   199914.5   44754.3    196.3    0.4%   44557.9     0     0.00
 543  241502.5   199439.0   42063.5    186.2    0.4%   41877.3     0     0.00
 544  218290.1   198983.1   19307.0    104.7    0.5%   19202.3     0     0.00
 545  202035.2   198485.6    3549.6     59.6    1.7%    3490.0     0     0.00
 546  209134.5   198223.7   10910.8     82.7    0.8%   10828.1     0     0.00
 547  223404.4   197727.0   25677.4    124.7    0.5%   25552.8     0     0.00
 548  200775.9   197226.5    3549.4     59.4    1.7%    3490.0     0     0.00
 549  235578.7   199394.1   36184.6    148.7    0.4%   36035.9     0     0.00
 550  213972.8   198732.7   15240.1     75.5    0.5%   15164.6     0     0.00
 551  201408.8   197797.5    3611.3     43.5    1.2%    3567.7     0     0.00
 552  249733.0   200441.3   49291.7    201.5    0.4%   49090.2     0     0.00
 553  212772.9   199904.4   12868.5     70.4    0.5%   12798.1     0     0.00
 554  220807.3   199612.1   21195.2     99.5    0.5%   21095.6     0     0.00
 555  206552.4   199429.5    7122.9     34.0    0.5%    7088.9     0     0.00
 556  263730.5   209690.5   54039.9    217.8    0.4%   53822.1     0     0.00
 557  213608.6   209075.5    4533.1     47.5    1.0%    4485.6     0     0.00
 558  211774.6   208039.9    3734.7     62.7    1.7%    3672.0     0     0.00
 559  246245.5   208190.5   38054.9    190.9    0.5%   37864.0     0     0.00
 560  211860.3   208142.9    3717.4     43.7    1.2%    3673.7     0     0.00
 561  211372.6   207660.7    3711.9     43.1    1.2%    3668.8     0     0.00
 562  211484.8   207776.3    3708.5     43.0    1.2%    3665.5     0     0.00
 563  211170.6   207462.2    3708.4     43.0    1.2%    3665.5     0     0.00
 564  214474.0   210772.1    3702.0     68.1    1.8%    3633.9     0     0.00
 565  227559.7   210857.1   16702.6    112.7    0.7%   16589.9     0     0.00
 566  222742.9   210209.8   12533.1     97.9    0.8%   12435.2     0     0.00
 567  224960.4   209936.0   15024.4    106.9    0.7%   14917.4     0     0.00
 568  222248.9   209715.9   12533.0     97.8    0.8%   12435.2     0     0.00
 569  212882.9   209180.3    3702.6     66.0    1.8%    3636.6     0     0.00
 570  212872.8   209170.2    3702.5     65.9    1.8%    3636.6     0     0.00
 571  218501.0   209580.5    8920.5     85.9    1.0%    8834.6     0     0.00
 572  231216.0   208122.1   23093.9    136.2    0.6%   22957.7     0     0.00
 573  212589.6   209139.2    3450.4     51.4    1.5%    3399.0     0     0.00
 574  213264.2   209022.8    4241.4     52.8    1.2%    4188.6     0     0.00
 575  212713.1   208475.1    4238.0     52.1    1.2%    4186.0     0     0.00
 576  236967.3   208179.4   28787.9    136.3    0.5%   28651.6     0     0.00
 577  226994.3   208061.2   18933.1    101.1    0.5%   18831.9     0     0.00
 578  238513.5   207944.9   30568.6    143.8    0.5%   30424.9     0     0.00
 579  231234.1   206893.6   24340.5    116.5    0.5%   24223.9     0     0.00
 580  216759.1   206738.1   10021.0     68.0    0.7%    9953.0     0     0.00
 581  223458.3   206698.6   16759.7     90.4    0.5%   16669.3     0     0.00
 582  209267.9   205810.1    3457.8     44.8    1.3%    3412.9     0     0.00
 583  209959.0   206491.9    3467.1     45.4    1.3%    3421.8     0     0.00
 584  213213.9   206263.0    6950.9     57.6    0.8%    6893.3     0     0.00
 585  218942.4   207218.9   11723.4     72.4    0.6%   11651.1     0     0.00
 586  210734.6   206969.8    3764.8     45.8    1.2%    3718.9     0     0.00
 587  210382.6   206910.4    3472.3     44.1    1.3%    3428.1     0     0.00
 588  330282.0   207117.8  123164.2    397.2    0.3%  122767.0     0     0.00
 589  211297.7   207071.7    4225.9     46.3    1.1%    4179.6     0     0.00
 590  226936.3   207383.5   19552.8     99.0    0.5%   19453.8     0     0.00
 591  210750.0   207261.3    3488.7     43.3    1.2%    3445.4     0     0.00
 592  346215.6   208470.3  137745.3    435.3    0.3%  137310.0     0     0.00
 593  230087.7   208369.7   21718.0    107.5    0.5%   21610.5     0     0.00
 594  284387.9   210809.0   73579.0    274.0    0.4%   73304.9     0     0.00
 595  214303.4   210715.4    3588.0     43.3    1.2%    3544.7     0     0.00
 596  234424.8   210170.9   24253.9    120.2    0.5%   24133.7     0     0.00
 597  279545.5   212908.3   66637.2    270.4    0.4%   66366.8     0     0.00
 598  249815.9   212810.6   37005.3    150.6    0.4%   36854.7     0     0.00
 599  242605.9   212891.7   29714.3    150.1    0.5%   29564.2     0     0.00
 600  221231.2   211282.0    9949.3     66.8    0.7%    9882.4     0     0.00
 601  267611.2   210617.2   56993.9    227.8    0.4%   56766.1     0     0.00
 602  264684.8   209741.0   54943.8    202.4    0.4%   54741.4     0     0.00
 603  240717.5   209672.5   31045.1    134.8    0.4%   30910.3     0     0.00
 604  212114.0   208577.0    3537.1     45.3    1.3%    3491.8     0     0.00
 605  213996.5   210493.6    3503.0     45.3    1.3%    3457.6     0     0.00
 606  223875.9   210337.1   13538.9     80.8    0.6%   13458.0     0     0.00
 607  262207.1   210054.4   52152.7    172.7    0.3%   51980.0     0     0.00
 608  236454.9   209338.6   27116.3    121.4    0.4%   26994.9     0     0.00
 609  212071.5   208568.3    3503.2     45.4    1.3%    3457.8     0     0.00
 610  212161.8   208657.5    3504.3     44.9    1.3%    3459.5     0     0.00
 611  213554.5   210043.4    3511.2     44.6    1.3%    3466.6     0     0.00
 612  217047.2   209985.6    7061.6     59.7    0.8%    7001.9     0     0.00
 613  211917.5   208406.7    3510.9     42.9    1.2%    3468.0     0     0.00
 614  294045.4   209576.8   84468.6    278.7    0.3%   84189.9     0     0.00
 615  212638.1   209105.1    3533.1     42.5    1.2%    3490.6     0     0.00
 616  236387.1   211687.1   24700.0     92.2    0.4%   24607.8     0     0.00
 617  264102.4   211621.9   52480.5    199.2    0.4%   52281.3     0     0.00
 618  215050.7   211508.7    3542.1     46.0    1.3%    3496.0     0     0.00
 619  243945.6   211167.6   32778.0    110.6    0.3%   32667.4     0     0.00
 620  214699.7   211159.4    3540.3     43.6    1.2%    3496.7     0     0.00
 621  214659.2   211120.6    3538.5     41.5    1.2%    3497.1     0     0.00
 622  227580.8   210491.8   17089.0     84.3    0.5%   17004.7     0     0.00
 623  215126.5   210268.7    4857.8     47.3    1.0%    4810.5     0     0.00
 624  216925.8   213376.3    3549.5     51.0    1.4%    3498.5     0     0.00
 625  249575.2   213238.2   36337.0    137.6    0.4%   36199.4     0     0.00
 626  222877.3   212642.3   10235.0     64.0    0.6%   10171.0     0     0.00
 627  215848.0   212008.2    3839.8     46.2    1.2%    3793.6     0     0.00
 628  255033.4   213401.9   41631.5    156.8    0.4%   41474.8     0     0.00
 629  235594.9   213343.7   22251.1     98.0    0.4%   22153.2     0     0.00
 630  216673.9   213127.7    3546.2     45.5    1.3%    3500.6     0     0.00
 631  223133.4   212788.5   10344.8     64.0    0.6%   10280.8     0     0.00
 632  226552.8   212837.4   13715.4     52.1    0.4%   13663.3     0     0.00
 633  216343.0   212798.1    3544.8     42.7    1.2%    3502.1     0     0.00
 634  236019.5   212803.3   23216.2     95.2    0.4%   23121.0     0     0.00
 635  215893.5   212349.3    3544.3     41.9    1.2%    3502.4     0     0.00
 636  252038.1   211283.9   40754.3    145.9    0.4%   40608.3     0     0.00
 637  243796.6   214902.4   28894.2     90.4    0.3%   28803.8     0     0.00
 638  239016.8   214918.3   24098.5     77.8    0.3%   24020.7     0     0.00
 639  229702.0   225979.6    3722.4     42.9    1.2%    3679.5     0     0.00
 640  255858.6   230071.1   25787.6    136.0    0.5%   25651.6     0     0.00
 641  238378.5   229580.3    8798.2     58.1    0.7%    8740.1     0     0.00
 642  251160.4   229175.6   21984.8    118.9    0.5%   21865.9     0     0.00
 643  254996.1   228929.4   26066.7    137.6    0.5%   25929.1     0     0.00
 644  254729.7   228054.7   26675.0    139.7    0.5%   26535.3     0     0.00
 645  241634.3   227993.7   13640.6     88.2    0.6%   13552.4     0     0.00
 646  231967.5   227404.1    4563.4     63.1    1.4%    4500.3     0     0.00
 647  232264.9   227354.3    4910.6     63.7    1.3%    4846.9     0     0.00
 648  235248.9   227528.2    7720.7     35.9    0.5%    7684.8     0     0.00
 649  237155.2   228386.7    8768.5     37.7    0.4%    8730.9     0     0.00
 650  276293.6   232873.7   43419.9    193.3    0.4%   43226.6     0     0.00
 651  241211.7   237542.8    3668.9     62.7    1.7%    3606.1     0     0.00
 652  252165.2   238605.1   13560.1    102.6    0.8%   13457.5     0     0.00
 653  297796.0   237782.1   60013.8    216.3    0.4%   59797.6     0     0.00
 654  241054.9   237437.6    3617.2     43.3    1.2%    3573.9     0     0.00
 655  240621.5   237004.3    3617.2     43.3    1.2%    3573.9     0     0.00
 656  254812.5   236917.9   17894.6    117.8    0.7%   17776.8     0     0.00
 657  269251.2   236290.8   32960.4    146.1    0.4%   32814.3     0     0.00
 658  283152.2   236662.5   46489.7    181.8    0.4%   46307.9     0     0.00
 659  239820.8   236212.8    3608.0     42.2    1.2%    3565.8     0     0.00
 660  244757.6   238123.5    6634.1     77.7    1.2%    6556.4     0     0.00
 661  256210.7   236060.1   20150.6    125.9    0.6%   20024.8     0     0.00
 662  239509.9   236038.5    3471.4     66.3    1.9%    3405.1     0     0.00
 663  269351.7   235272.5   34079.2    146.5    0.4%   33932.7     0     0.00
 664  260473.2   234299.6   26173.6    142.6    0.5%   26031.0     0     0.00
 665  251965.5   234439.8   17525.7    116.9    0.7%   17408.8     0     0.00
 666  262375.0   234199.0   28176.1    130.4    0.5%   28045.7     0     0.00
 667  255833.6   233763.9   22069.6    129.4    0.6%   21940.3     0     0.00
 668  241708.9   232508.7    9200.2     86.9    0.9%    9113.3     0     0.00
 669  237731.2   234268.4    3462.8     46.0    1.3%    3416.8     0     0.00
 670  236930.7   233466.7    3464.0     44.6    1.3%    3419.4     0     0.00
 671  236250.4   232786.4    3464.0     44.3    1.3%    3419.7     0     0.00
 672  254643.5   232701.6   21941.9     90.7    0.4%   21851.2     0     0.00
 673  235524.2   232053.8    3470.3     44.7    1.3%    3425.6     0     0.00
 674  235582.6   232081.2    3501.4     43.5    1.2%    3457.8     0     0.00
 675  235765.3   232288.6    3476.7     43.0    1.2%    3433.6     0     0.00
 676  250129.3   234372.5   15756.8     90.1    0.6%   15666.6     0     0.00
 677  276409.7   234381.8   42027.9    140.3    0.3%   41887.5     0     0.00
 678  298491.1   234787.2   63703.9    220.7    0.3%   63483.2     0     0.00
 679  241873.2   234948.8    6924.4     60.0    0.9%    6864.4     0     0.00
 680  239085.6   235578.6    3507.0     48.8    1.4%    3458.1     0     0.00
 681  238583.8   235116.5    3467.2     48.4    1.4%    3418.8     0     0.00
 682  237402.4   233935.2    3467.2     48.3    1.4%    3418.8     0     0.00
 683  249082.2   233952.0   15130.2     81.2    0.5%   15048.9     0     0.00
 684  263630.7   234979.5   28651.1    119.6    0.4%   28531.6     0     0.00
 685  241018.5   234061.3    6957.2     58.1    0.8%    6899.2     0     0.00
 686  243927.9   234075.2    9852.8     62.8    0.6%    9790.0     0     0.00
 687  266374.5   233914.6   32459.9    109.1    0.3%   32350.8     0     0.00
 688  259954.6   234393.8   25560.8     89.9    0.4%   25470.9     0     0.00
 689  239076.9   234382.2    4694.7     47.6    1.0%    4647.1     0     0.00
 690  277120.7   235842.6   41278.1    127.5    0.3%   41150.6     0     0.00
 691  238813.0   235334.4    3478.6     43.9    1.3%    3434.7     0     0.00
 692  300364.0   235097.1   65266.9    214.8    0.3%   65052.2     0     0.00
 693  241513.4   234518.2    6995.1     52.5    0.7%    6942.7     0     0.00
 694  239603.3   236098.3    3505.0     43.0    1.2%    3462.0     0     0.00
 695  245403.3   235556.5    9846.8     61.5    0.6%    9785.3     0     0.00
 696  302043.2   235308.5   66734.7    219.4    0.3%   66515.3     0     0.00
 697  248907.6   234843.8   14063.8     55.5    0.4%   14008.3     0     0.00
 698  269123.2   233418.6   35704.5    110.4    0.3%   35594.1     0     0.00
 699  241919.4   237492.9    4426.4     49.1    1.1%    4377.3     0     0.00
 700  286740.4   238015.6   48724.8    165.9    0.3%   48558.9     0     0.00
 701  243936.5   240236.4    3700.1     44.8    1.2%    3655.3     0     0.00
 702  244145.6   240428.5    3717.1     61.4    1.7%    3655.6     0     0.00
 703  244290.6   240597.1    3693.5     42.8    1.2%    3650.7     0     0.00
 704  280838.0   240380.2   40457.9    143.1    0.4%   40314.7     0     0.00
 705  243611.1   239917.6    3693.4     42.7    1.2%    3650.7     0     0.00
 706  280468.3   241116.0   39352.3    158.0    0.4%   39194.3     0     0.00
 707  275842.3   242899.3   32943.0    139.9    0.4%   32803.1     0     0.00
 708  260349.7   243235.8   17114.0     78.4    0.5%   17035.6     0     0.00
 709  251836.0   243055.7    8780.3     73.9    0.8%    8706.4     0     0.00
 710  381107.7   242788.4  138319.4    477.7    0.3%  137841.7     0     0.00
 711  269766.8   242677.3   27089.5    102.4    0.4%   26987.1     0     0.00
 712  246204.6   241619.1    4585.5     43.5    0.9%    4542.0     0     0.00
 713  294171.2   246707.7   47463.5    184.8    0.4%   47278.7     0     0.00
 714  305300.4   248061.3   57239.1    219.3    0.4%   57019.8     0     0.00
 715  276217.7   247504.7   28713.0    109.1    0.4%   28603.9     0     0.00
 716  263887.7   246827.7   17060.0     76.1    0.4%   16983.9     0     0.00
 717  314586.1   246189.1   68397.1    232.7    0.3%   68164.3     0     0.00
 718  296718.5   245490.7   51227.7    199.0    0.4%   51028.8     0     0.00
 719  249046.9   245347.2    3699.8     60.7    1.6%    3639.1     0     0.00
 720  249369.8   245613.8    3756.0     42.8    1.1%    3713.2     0     0.00
 721  318935.3   250125.4   68810.0    237.1    0.3%   68572.8     0     0.00
 722  264880.3   248906.7   15973.7     93.3    0.6%   15880.4     0     0.00
 723  269955.2   258060.3   11894.9     68.1    0.6%   11826.8     0     0.00
 724  396028.5   257382.5  138646.0    460.3    0.3%  138185.8     0     0.00
 725  263575.3   259878.3    3697.0     64.9    1.8%    3632.1     0     0.00
 726  273080.2   259830.5   13249.7     90.7    0.7%   13159.0     0     0.00
 727  314542.4   259161.3   55381.1    201.4    0.4%   55179.7     0     0.00
 728  267701.0   258883.2    8817.7     57.6    0.7%    8760.2     0     0.00
 729  286132.5   260476.6   25655.8    128.0    0.5%   25527.9     0     0.00
 730  262114.8   258388.7    3726.2     61.2    1.6%    3664.9     0     0.00
 731  297484.4   258401.6   39082.8    171.5    0.4%   38911.3     0     0.00
 732  273061.9   258021.1   15040.8     93.8    0.6%   14947.0     0     0.00
 733  262294.3   257730.0    4564.3     62.9    1.4%    4501.4     0     0.00
 734  315299.3   258751.9   56547.3    216.2    0.4%   56331.2     0     0.00
 735  349705.0   261189.2   88515.8    307.3    0.3%   88208.5     0     0.00
 736  287038.0   263856.6   23181.4    125.6    0.5%   23055.9     0     0.00
 737  298754.8   262820.0   35934.8    145.9    0.4%   35789.0     0     0.00
 738  307686.2   262980.0   44706.2    168.7    0.4%   44537.5     0     0.00
 739  266277.2   262610.8    3666.5     61.2    1.7%    3605.3     0     0.00
 740  305419.6   262560.9   42858.6    163.4    0.4%   42695.3     0     0.00
 741  265946.7   262279.4    3667.3     60.8    1.7%    3606.5     0     0.00
 742  265901.5   262234.2    3667.2     60.8    1.7%    3606.5     0     0.00
 743  327447.6   262216.4   65231.2    243.2    0.4%   64988.0     0     0.00
 744  272908.1   265452.1    7456.0     72.5    1.0%    7383.5     0     0.00
 745  289888.5   265068.8   24819.7    131.0    0.5%   24688.7     0     0.00
 746  278033.4   264882.4   13151.0     91.6    0.7%   13059.4     0     0.00
 747  269718.6   266000.1    3718.5     59.9    1.6%    3658.6     0     0.00
 748  283712.1   265206.6   18505.5    111.7    0.6%   18393.7     0     0.00
 749  268104.4   264386.1    3718.4     59.8    1.6%    3658.6     0     0.00
 750  276113.2   268677.3    7435.9     75.7    1.0%    7360.1     0     0.00
 751  271989.7   268496.9    3492.9     62.0    1.8%    3430.8     0     0.00
 752  304782.9   268220.5   36562.5    166.7    0.5%   36395.8     0     0.00
 753  305002.4   268130.8   36871.6    151.5    0.4%   36720.2     0     0.00
 754  276930.0   267724.6    9205.4     65.7    0.7%    9139.7     0     0.00
 755  270998.4   267525.2    3473.2     44.3    1.3%    3429.0     0     0.00
 756  272277.8   268799.6    3478.2     41.7    1.2%    3436.5     0     0.00
 757  271546.2   268068.1    3478.0     41.2    1.2%    3436.9     0     0.00
 758  269980.5   266502.5    3478.0     41.1    1.2%    3436.9     0     0.00
 759  303069.2   266063.3   37005.9    150.8    0.4%   36855.1     0     0.00
 760  273409.7   269960.6    3449.1     46.7    1.4%    3402.3     0     0.00
 761  272880.7   269431.7    3449.0     46.7    1.4%    3402.3     0     0.00
 762  272615.8   269169.5    3446.3     44.0    1.3%    3402.2     0     0.00
 763  273844.5   266955.8    6888.7     57.4    0.8%    6831.2     0     0.00
 764  270055.8   266576.7    3479.0     44.2    1.3%    3434.8     0     0.00
 765  282817.4   265673.7   17143.7     87.6    0.5%   17056.1     0     0.00
 766  272280.6   265103.0    7177.5     57.2    0.8%    7120.4     0     0.00
 767  280609.6   266568.9   14040.7     77.1    0.5%   13963.6     0     0.00
 768  274923.4   265465.6    9457.9     62.6    0.7%    9395.2     0     0.00
 769  297982.5   265948.7   32033.8    140.0    0.4%   31893.8     0     0.00
 770  294575.5   266037.5   28538.0    121.4    0.4%   28416.6     0     0.00
 771  275407.2   265985.1    9422.1     61.0    0.6%    9361.1     0     0.00
 772  324760.3   267939.5   56820.9    188.1    0.3%   56632.7     0     0.00
 773  271822.3   268342.1    3480.2     43.6    1.3%    3436.6     0     0.00
 774  271932.8   268451.4    3481.5     42.7    1.2%    3438.7     0     0.00
 775  295212.7   269043.5   26169.2    117.5    0.4%   26051.7     0     0.00
 776  281441.5   268651.3   12790.2     49.6    0.4%   12740.5     0     0.00
 777  327045.2   272785.3   54259.9    196.6    0.4%   54063.3     0     0.00
 778  275628.2   271941.9    3686.3     60.7    1.6%    3625.6     0     0.00
 779  313637.8   272383.3   41254.5    146.6    0.4%   41108.0     0     0.00
 780  292975.6   272605.2   20370.5     96.2    0.5%   20274.3     0     0.00
 781  278449.5   274819.7    3629.7     42.3    1.2%    3587.4     0     0.00
 782  284019.0   275146.1    8872.9     55.9    0.6%    8817.0     0     0.00
 783  321148.8   278238.0   42910.8    165.1    0.4%   42745.7     0     0.00
 784  285920.4   278680.5    7239.9     51.9    0.7%    7188.0     0     0.00
 785  284495.7   280842.6    3653.1     41.9    1.1%    3611.2     0     0.00
 786  358851.6   284323.7   74527.8    291.4    0.4%   74236.4     0     0.00
 787  303077.3   285687.5   17389.8    118.5    0.7%   17271.3     0     0.00
 788  294220.8   284494.3    9726.5     96.7    1.0%    9629.8     0     0.00
 789  335035.2   284298.4   50736.8    219.2    0.4%   50517.6     0     0.00
 790  289107.9   285575.4    3532.6     68.3    1.9%    3464.3     0     0.00
 791  289072.1   285539.6    3532.5     68.2    1.9%    3464.3     0     0.00
 792  302520.9   283632.1   18888.8    101.8    0.5%   18787.0     0     0.00
 793  306451.7   283573.1   22878.6    110.4    0.5%   22768.1     0     0.00
 794  286659.6   282351.9    4307.7     74.7    1.7%    4233.0     0     0.00
 795  288762.2   281039.6    7722.6     88.1    1.1%    7634.5     0     0.00
 796  282844.5   279341.4    3503.1     51.0    1.5%    3452.1     0     0.00
 797  286202.1   279215.3    6986.8     68.8    1.0%    6918.0     0     0.00
 798  313809.4   277952.2   35857.2    124.7    0.3%   35732.5     0     0.00
 799  285246.0   276997.4    8248.6     71.3    0.9%    8177.3     0     0.00
 800  280427.8   276190.0    4237.8     52.6    1.2%    4185.2     0     0.00
 801  291919.9   276151.2   15768.7     87.4    0.6%   15681.3     0     0.00
 802  280241.4   276748.5    3492.9     50.9    1.5%    3442.0     0     0.00
 803  317600.5   276968.8   40631.7    136.3    0.3%   40495.4     0     0.00
 804  278075.3   274555.1    3520.2     50.4    1.4%    3469.8     0     0.00
 805  293891.6   274307.5   19584.1     75.4    0.4%   19508.7     0     0.00
 806  280854.2   273829.1    7025.0     62.8    0.9%    6962.2     0     0.00
 807  303528.4   273179.4   30349.0     99.5    0.3%   30249.5     0     0.00
 808  276565.3   273113.7    3451.6     46.0    1.3%    3405.5     0     0.00
 809  275140.6   271689.1    3451.5     46.0    1.3%    3405.5     0     0.00
 810  274654.1   271202.5    3451.6     46.1    1.3%    3405.5     0     0.00
 811  275372.6   271107.3    4265.3     51.3    1.2%    4214.0     0     0.00
 812  279323.3   270828.7    8494.7     62.3    0.7%    8432.4     0     0.00
 813  315452.0   268877.6   46574.4    176.6    0.4%   46397.8     0     0.00
 814  275460.8   268498.9    6961.9     58.7    0.8%    6903.2     0     0.00
 815  296819.8   269892.9   26926.9     87.1    0.3%   26839.8     0     0.00
 816  315968.1   269910.8   46057.3    174.9    0.4%   45882.4     0     0.00
 817  310884.7   269586.0   41298.7    150.6    0.4%   41148.1     0     0.00
 818  288408.1   270654.5   17753.6     63.2    0.4%   17690.4     0     0.00
 819  310093.4   269500.0   40593.5    150.3    0.4%   40443.2     0     0.00
 820  273493.7   269983.4    3510.3     44.1    1.3%    3466.2     0     0.00
 821  306854.0   269913.0   36941.0    114.1    0.3%   36826.9     0     0.00
 822  272805.2   269294.6    3510.6     42.2    1.2%    3468.4     0     0.00
 823  306662.3   269429.6   37232.8    114.7    0.3%   37118.1     0     0.00
 824  309133.8   280405.6   28728.2    139.1    0.5%   28589.1     0     0.00
 825  283688.7   280012.7    3676.0     41.9    1.1%    3634.1     0     0.00
 826  300118.5   284554.5   15564.0     94.6    0.6%   15469.4     0     0.00
 827  299000.4   284496.7   14503.7     73.1    0.5%   14430.6     0     0.00
 828  305127.5   284383.1   20744.4     91.1    0.4%   20653.3     0     0.00
 829  296228.8   292516.9    3711.9     44.8    1.2%    3667.1     0     0.00
 830  297123.5   293416.1    3707.5     46.1    1.2%    3661.3     0     0.00
 831  318773.3   295470.1   23303.2    138.8    0.6%   23164.4     0     0.00
 832  317973.8   295466.9   22506.9    137.1    0.6%   22369.7     0     0.00
 833  303867.4   294931.1    8936.3     80.3    0.9%    8856.0     0     0.00
 834  303401.9   294723.6    8678.3     61.0    0.7%    8617.2     0     0.00
 835  298409.9   294664.0    3745.8     62.5    1.7%    3683.3     0     0.00
 836  297419.4   293673.6    3745.8     62.5    1.7%    3683.3     0     0.00
 837  361392.4   295404.9   65987.5    267.0    0.4%   65720.5     0     0.00
 838  314451.2   295174.6   19276.6    124.7    0.6%   19151.9     0     0.00
 839  298073.0   294271.0    3802.1     43.9    1.2%    3758.2     0     0.00
 840  347373.4   293652.7   53720.7    216.0    0.4%   53504.7     0     0.00
 841  302370.1   293484.0    8886.0     81.6    0.9%    8804.5     0     0.00
 842  296160.8   292376.5    3784.3     61.1    1.6%    3723.2     0     0.00
 843  301772.3   292945.5    8826.8     69.4    0.8%    8757.4     0     0.00
 844  298940.5   292936.2    6004.3     71.4    1.2%    5932.9     0     0.00
 845  298414.3   294701.0    3713.3     66.3    1.8%    3647.0     0     0.00
 846  298171.1   294459.9    3711.2     65.7    1.8%    3645.6     0     0.00
 847  299077.7   295406.3    3671.3     71.4    1.9%    3599.9     0     0.00
 848  344897.0   295048.8   49848.2    200.8    0.4%   49647.4     0     0.00
 849  300863.5   293599.4    7264.1     87.6    1.2%    7176.6     0     0.00
 850  344695.1   293217.0   51478.1    212.0    0.4%   51266.1     0     0.00
 851  342002.5   292640.6   49361.9    198.0    0.4%   49163.9     0     0.00
 852  337784.8   291800.4   45984.4    164.6    0.4%   45819.8     0     0.00
 853  305591.0   288700.9   16890.2     96.9    0.6%   16793.3     0     0.00
 854  426083.4   288554.8  137528.6    430.3    0.3%  137098.2     0     0.00
 855  374260.9   289966.6   84294.3    290.2    0.3%   84004.0     0     0.00
 856  333686.7   289279.9   44406.8    142.4    0.3%   44264.4     0     0.00
 857  292143.1   288545.0    3598.2     53.6    1.5%    3544.5     0     0.00
 858  307721.2   288353.1   19368.0    102.0    0.5%   19266.0     0     0.00
 859  301735.8   288055.6   13680.2     85.4    0.6%   13594.8     0     0.00
 860  356556.2   288031.2   68525.0    259.7    0.4%   68265.3     0     0.00
 861  329347.0   287328.5   42018.4    129.5    0.3%   41889.0     0     0.00
 862  345574.5   286566.3   59008.2    226.5    0.4%   58781.8     0     0.00
 863  289818.6   286227.4    3591.2     49.2    1.4%    3541.9     0     0.00
 864  289832.6   286240.9    3591.7     49.3    1.4%    3542.5     0     0.00
 865  328653.1   285289.0   43364.1    131.5    0.3%   43232.6     0     0.00
 866  292626.5   285412.2    7214.3     60.7    0.8%    7153.6     0     0.00
 867  338065.5   285869.5   52196.0    194.2    0.4%   52001.8     0     0.00
 868  323588.9   285727.9   37861.0    114.4    0.3%   37746.6     0     0.00
 869  336244.6   285137.7   51106.9    185.4    0.4%   50921.5     0     0.00
 870  291013.6   286597.3    4416.3     49.3    1.1%    4367.0     0     0.00
 871  291151.7   286766.7    4384.9     48.4    1.1%    4336.6     0     0.00
 872  317655.2   287388.0   30267.2     93.2    0.3%   30174.0     0     0.00
 873  325967.5   286331.2   39636.4    114.2    0.3%   39522.2     0     0.00
 874  289328.7   285712.5    3616.2     43.0    1.2%    3573.2     0     0.00
 875  287596.3   283980.2    3616.1     42.9    1.2%    3573.2     0     0.00
 876  319255.1   287336.9   31918.2     91.8    0.3%   31826.5     0     0.00
 877  290548.9   286912.6    3636.3     43.3    1.2%    3593.0     0     0.00
 878  295134.5   286512.7    8621.9     58.3    0.7%    8563.6     0     0.00
 879  325472.9   286138.7   39334.2    136.3    0.3%   39197.9     0     0.00
 880  306351.8   285749.0   20602.9     83.9    0.4%   20519.0     0     0.00
 881  311784.0   284896.0   26888.0     79.9    0.3%   26808.0     0     0.00
 882  334795.2   283362.6   51432.6    194.5    0.4%   51238.1     0     0.00
 883  286704.6   283101.3    3603.3     43.4    1.2%    3559.9     0     0.00
 884  320554.2   282939.5   37614.7    129.8    0.3%   37484.9     0     0.00
 885  289867.7   286254.5    3613.2     42.6    1.2%    3570.6     0     0.00
 886  289722.4   286109.6    3612.8     42.0    1.2%    3570.8     0     0.00
 887  323396.2   317738.3    5657.9     82.3    1.5%    5575.6     0     0.00
 888  320860.7   317333.3    3527.5     49.5    1.4%    3477.9     0     0.00
 889  330481.7   317068.7   13413.0    116.7    0.9%   13296.4     0     0.00
 890  324754.0   315188.8    9565.2     96.7    1.0%    9468.5     0     0.00
 891  356477.2   315138.7   41338.6    183.5    0.4%   41155.1     0     0.00
 892  387566.5   314665.2   72901.3    283.8    0.4%   72617.5     0     0.00
 893  315610.8   312062.3    3548.5     46.9    1.3%    3501.7     0     0.00
 894  314943.0   311394.5    3548.5     46.8    1.3%    3501.7     0     0.00
 895  315635.6   310976.9    4658.8     74.4    1.6%    4584.4     0     0.00
 896  314298.4   310750.0    3548.4     46.7    1.3%    3501.7     0     0.00
 897  368085.7   310527.1   57558.7    223.3    0.4%   57335.4     0     0.00
 898  312661.1   309147.2    3513.8     45.3    1.3%    3468.6     0     0.00
 899  312166.6   308719.5    3447.0     45.0    1.3%    3402.1     0     0.00
 900  318196.6   308359.1    9837.5     78.3    0.8%    9759.1     0     0.00
 901  376552.4   308243.6   68308.9    231.7    0.3%   68077.2     0     0.00
 902  333810.6   308313.0   25497.5    150.8    0.6%   25346.7     0     0.00
 903  317143.0   307635.7    9507.4     94.4    1.0%    9413.0     0     0.00
 904  326217.5   307737.2   18480.3    105.2    0.6%   18375.2     0     0.00
 905  318871.8   307426.0   11445.8     79.9    0.7%   11365.9     0     0.00
 906  311272.5   306413.2    4859.3     70.6    1.5%    4788.8     0     0.00
 907  309637.4   306181.5    3455.9     66.6    1.9%    3389.3     0     0.00
 908  328539.1   305702.8   22836.3    118.6    0.5%   22717.7     0     0.00
 909  316916.6   305224.6   11692.0    103.8    0.9%   11588.2     0     0.00
 910  309240.4   305021.3    4219.1     67.8    1.6%    4151.3     0     0.00
 911  348418.5   304769.2   43649.3    162.9    0.4%   43486.4     0     0.00
 912  308110.5   304708.6    3401.9     46.5    1.4%    3355.3     0     0.00
 913  307890.9   304489.1    3401.8     46.5    1.4%    3355.3     0     0.00
 914  310272.3   304255.2    6017.2     57.4    1.0%    5959.8     0     0.00
 915  330156.4   305802.0   24354.4    122.1    0.5%   24232.4     0     0.00
 916  309179.8   305707.6    3472.2     45.0    1.3%    3427.2     0     0.00
 917  309029.0   305591.0    3438.1     42.6    1.2%    3395.5     0     0.00
 918  308116.4   304677.1    3439.3     43.7    1.3%    3395.7     0     0.00
 919  310817.3   307386.6    3430.7     46.6    1.4%    3384.1     0     0.00
 920  310681.0   307250.4    3430.6     46.6    1.4%    3384.0     0     0.00
 921  375516.9   304238.5   71278.4    228.9    0.3%   71049.5     0     0.00
 922  316362.4   304088.5   12273.9     83.6    0.7%   12190.3     0     0.00
 923  333758.1   303983.6   29774.5    113.6    0.4%   29660.8     0     0.00
 924  306740.3   303311.0    3429.4     44.8    1.3%    3384.6     0     0.00
 925  326955.7   302787.0   24168.8    118.1    0.5%   24050.7     0     0.00
 926  306474.7   303042.4    3432.3     46.2    1.3%    3386.1     0     0.00
 927  309330.8   302450.1    6880.7     63.3    0.9%    6817.4     0     0.00
 928  359553.8   302152.5   57401.3    180.5    0.3%   57220.8     0     0.00
 929  304957.2   301524.5    3432.7     47.1    1.4%    3385.6     0     0.00
 930  304618.7   301186.0    3432.7     47.1    1.4%    3385.6     0     0.00
 931  314953.3   299596.7   15356.6     87.6    0.6%   15269.0     0     0.00
 932  304944.0   301507.7    3436.4     48.6    1.4%    3387.8     0     0.00
 933  318201.8   301934.2   16267.6     88.4    0.5%   16179.3     0     0.00
 934  305284.0   301868.2    3415.9     48.7    1.4%    3367.2     0     0.00
 935  350833.9   300170.2   50663.7    160.2    0.3%   50503.5     0     0.00
 936  303518.2   300071.2    3446.9     47.4    1.4%    3399.5     0     0.00
 937  303568.9   300123.3    3445.6     46.3    1.3%    3399.3     0     0.00
 938  323983.6   300074.2   23909.4     89.8    0.4%   23819.5     0     0.00
 939  308445.9   299873.4    8572.6     62.5    0.7%    8510.1     0     0.00
 940  306925.0   298352.5    8572.5     62.4    0.7%    8510.1     0     0.00
 941  326417.7   298194.3   28223.3    118.6    0.4%   28104.7     0     0.00
 942  353114.0   297582.0   55532.1    169.1    0.3%   55363.0     0     0.00
 943  351017.5   298806.6   52211.0    156.7    0.3%   52054.3     0     0.00
 944  334661.5   298759.6   35901.8    118.9    0.3%   35782.9     0     0.00
 945  328487.0   298286.1   30201.0    122.6    0.4%   30078.3     0     0.00
 946  422535.3   295578.8  126956.4    320.1    0.3%  126636.3     0     0.00
 947  320658.5   295184.9   25473.5     88.9    0.3%   25384.6     0     0.00
 948  373691.3   294801.3   78890.0    226.6    0.3%   78663.3     0     0.00
 949  299030.5   295501.1    3529.4     44.4    1.3%    3484.9     0     0.00
 950  302834.9   294073.0    8761.9     58.4    0.7%    8703.5     0     0.00
 951  305632.9   292423.4   13209.5     71.1    0.5%   13138.3     0     0.00
 952  299830.9   292463.3    7367.5     51.7    0.7%    7315.8     0     0.00
 953  306256.5   299918.9    6337.6     53.9    0.9%    6283.7     0     0.00
 954  362464.5   300456.1   62008.4    180.9    0.3%   61827.5     0     0.00
 955  303455.8   299933.1    3522.7     41.2    1.2%    3481.5     0     0.00
 956  307971.0   303736.2    4234.8     47.5    1.1%    4187.3     0     0.00
 957  326261.3   304129.4   22131.9     75.6    0.3%   22056.3     0     0.00
 958  307549.1   303966.3    3582.8     43.4    1.2%    3539.4     0     0.00
 959  334656.0   303707.4   30948.6     95.6    0.3%   30853.0     0     0.00
 960  350840.1   302954.6   47885.5    142.2    0.3%   47743.2     0     0.00
 961  316339.7   311918.1    4421.6     66.8    1.5%    4354.7     0     0.00
 962  315773.9   311146.3    4627.7     66.9    1.4%    4560.8     0     0.00
 963  339018.3   310616.2   28402.1    105.8    0.4%   28296.3     0     0.00
 964  325147.6   311818.2   13329.4     69.0    0.5%   13260.4     0     0.00
 965  355286.7   311775.0   43511.7    148.8    0.3%   43362.9     0     0.00
 966  317124.1   311223.7    5900.5     49.8    0.8%    5850.6     0     0.00
 967  348320.6   311099.7   37220.9    134.1    0.4%   37086.8     0     0.00
 968  339591.0   311023.6   28567.4     89.0    0.3%   28478.4     0     0.00
 969  363979.0   309879.3   54099.7    151.4    0.3%   53948.3     0     0.00
 970  326327.1   315628.4   10698.8     58.5    0.5%   10640.3     0     0.00
 971  370100.8   314697.7   55403.1    167.7    0.3%   55235.4     0     0.00
 972  342976.9   330821.7   12155.2     89.0    0.7%   12066.2     0     0.00
 973  389910.6   334106.8   55803.9    161.7    0.3%   55642.2     0     0.00
 974  337190.7   333483.0    3707.7     65.8    1.8%    3642.0     0     0.00
 975  379144.6   333368.8   45775.8    141.2    0.3%   45634.6     0     0.00
 976  365000.3   333036.6   31963.7    113.8    0.4%   31849.9     0     0.00
 977  336958.4   333281.6    3676.8     63.9    1.7%    3612.9     0     0.00
 978  341066.9   332188.6    8878.3     79.2    0.9%    8799.1     0     0.00
 979  347271.8   330419.5   16852.3     80.6    0.5%   16771.7     0     0.00
 980  343199.1   330418.8   12780.3     70.8    0.6%   12709.5     0     0.00
 981  335641.3   331207.7    4433.6     66.4    1.5%    4367.2     0     0.00
 982  332644.0   328955.0    3689.0     61.7    1.7%    3627.3     0     0.00
 983  337579.1   329683.9    7895.1     77.2    1.0%    7818.0     0     0.00
 984  333228.8   329601.0    3627.8     61.8    1.7%    3566.0     0     0.00
 985  332515.5   328887.7    3627.7     61.7    1.7%    3566.0     0     0.00
 986  332310.6   328682.9    3627.7     61.7    1.7%    3566.0     0     0.00
 987  333338.1   328350.5    4987.6     65.3    1.3%    4922.3     0     0.00
 988  372731.5   330958.6   41772.9    124.8    0.3%   41648.1     0     0.00
 989  367580.2   328739.6   38840.6    118.1    0.3%   38722.5     0     0.00
 990  374133.7   328204.0   45929.7    131.6    0.3%   45798.1     0     0.00
 991  377544.6   326900.9   50643.7    140.5    0.3%   50503.2     0     0.00
 992  332532.5   325173.8    7358.7     53.6    0.7%    7305.1     0     0.00
 993  329795.6   326099.4    3696.3     26.9    0.7%    3669.3     0     0.00
 994  370751.0   325706.5   45044.5    112.6    0.2%   44931.9     0     0.00
 995  336032.6   327318.4    8714.2     55.5    0.6%    8658.7     0     0.00
 996  332963.1   328503.2    4459.9     44.9    1.0%    4414.9     0     0.00
 997  332040.5   327580.7    4459.8     44.9    1.0%    4414.9     0     0.00
 998  336042.3   327486.5    8555.7     52.8    0.6%    8503.0     0     0.00
 999  330977.8   327326.1    3651.7     41.9    1.1%    3609.8     0     0.00

明细已导出：data_analysis\qwen3-8B\summary_144110.csv
