共 1000 条请求，成功 1000，失败 0

===== 汇总（仅成功请求） =====
  latency（端到端）                 n=1000 mean=203755.08ms  p50=209367.75  p90=346554.87  p99=402802.57  min=  2911.88  max=459968.19
  P端prefill+网络（推算）             n=1000 mean=181393.93ms  p50=187216.23  p90=325107.62  p99=359323.17  min=    41.50  max=361647.77
  D端总耗时（排队+decode）             n=1000 mean= 22361.14ms  p50= 10529.47  p90= 54107.20  p99=138895.70  min=  2854.14  max=140375.58
  D端排队+调度（推算）                  n=1000 mean=   105.91ms  p50=    74.08  p90=   202.58  p99=   450.27  min=    22.68  max=   482.47
  D端排队占比                       n=1000 mean=     0.81%  p50=     0.64  p90=     1.40  p99=     1.89  min=     0.24  max=     2.13
  D端GPU decode（纯算）             n=1000 mean= 22255.23ms  p50= 10463.78  p90= 53922.98  p99=138421.32  min=  2818.47  max=139923.66
  轮均GPU耗时                      无数据

===== 逐轮 GPU forward 耗时分布（所有请求合并） =====
  每轮 forward                   无数据

===== 逐请求明细 =====
 idx   latency     P端(推算)       D端总       排队     排队%       GPU    轮数       轮均
   0   27051.0       46.9   27004.1    137.3    0.5%   26866.8     0     0.00
   1    2911.9       57.7    2854.1     35.7    1.2%    2818.5     0     0.00
   2    7154.7       78.6    7076.1     54.3    0.8%    7021.8     0     0.00
   3    2974.8       63.1    2911.8     38.2    1.3%    2873.5     0     0.00
   4    2993.8       74.3    2919.4     37.6    1.3%    2881.8     0     0.00
   5   22130.3       77.6   22052.7    142.9    0.6%   21909.9     0     0.00
   6   43737.6       69.6   43668.0    222.7    0.5%   43445.3     0     0.00
   7   28614.5       70.0   28544.4    175.4    0.6%   28369.0     0     0.00
   8   27115.1       86.7   27028.4    170.9    0.6%   26857.5     0     0.00
   9    8336.5       61.6    8274.9     62.2    0.8%    8212.8     0     0.00
  10    7230.9       74.2    7156.6     54.1    0.8%    7102.6     0     0.00
  11   55510.9       85.5   55425.4    259.2    0.5%   55166.1     0     0.00
  12   19402.1       77.1   19325.1    134.0    0.7%   19191.1     0     0.00
  13   18621.3      107.4   18513.9    129.3    0.7%   18384.6     0     0.00
  14    3132.4      104.5    3027.9     39.2    1.3%    2988.7     0     0.00
  15    7899.3       87.0    7812.3     85.4    1.1%    7726.9     0     0.00
  16   22179.4       64.8   22114.6    147.3    0.7%   21967.3     0     0.00
  17   35261.9       75.7   35186.2    190.3    0.5%   34995.9     0     0.00
  18   34519.8       80.6   34439.2    189.5    0.6%   34249.7     0     0.00
  19    3243.2       77.4    3165.8     45.0    1.4%    3120.8     0     0.00
  20    3257.5       91.9    3165.6     43.9    1.4%    3121.7     0     0.00
  21   44654.5       81.6   44572.9    219.6    0.5%   44353.3     0     0.00
  22   47039.9       67.3   46972.7    227.4    0.5%   46745.3     0     0.00
  23   30492.8       68.1   30424.8    175.5    0.6%   30249.2     0     0.00
  24   73042.7       92.8   72949.9    297.9    0.4%   72651.9     0     0.00
  25   46841.4       92.5   46748.9    226.8    0.5%   46522.1     0     0.00
  26    4006.5       80.4    3926.1     70.1    1.8%    3856.0     0     0.00
  27    4082.6       67.3    4015.3     70.7    1.8%    3944.6     0     0.00
  28    6390.0       88.9    6301.1     77.1    1.2%    6224.0     0     0.00
  29  135782.5       70.0  135712.4    467.0    0.3%  135245.4     0     0.00
  30   24956.1       80.2   24876.0    155.7    0.6%   24720.2     0     0.00
  31    3312.0       94.8    3217.2     64.6    2.0%    3152.6     0     0.00
  32    3299.3       82.3    3217.0     64.7    2.0%    3152.3     0     0.00
  33   37853.6       79.2   37774.4    191.2    0.5%   37583.2     0     0.00
  34   44726.8       95.3   44631.6    194.5    0.4%   44437.1     0     0.00
  35    4983.0       77.6    4905.3     49.2    1.0%    4856.1     0     0.00
  36   35743.3      102.6   35640.7    159.7    0.4%   35481.0     0     0.00
  37   46816.2       64.6   46751.6    199.8    0.4%   46551.9     0     0.00
  38    7909.8       68.4    7841.3     61.0    0.8%    7780.3     0     0.00
  39    4099.0       85.1    4013.9     45.7    1.1%    3968.2     0     0.00
  40    6616.9       72.7    6544.2     56.7    0.9%    6487.5     0     0.00
  41   42285.4       84.8   42200.6    182.6    0.4%   42018.1     0     0.00
  42   10989.4       79.1   10910.3     82.7    0.8%   10827.5     0     0.00
  43    6688.7       47.0    6641.7     61.3    0.9%    6580.4     0     0.00
  44   26548.5       84.8   26463.7    132.8    0.5%   26330.9     0     0.00
  45    3389.3       81.9    3307.4     42.8    1.3%    3264.6     0     0.00
  46   43712.2       96.3   43615.9    188.9    0.4%   43427.0     0     0.00
  47    3438.9       94.3    3344.6     42.5    1.3%    3302.1     0     0.00
  48    3446.7       97.7    3349.0     44.4    1.3%    3304.6     0     0.00
  49    3431.8       74.2    3357.6     45.1    1.3%    3312.5     0     0.00
  50   65202.9       79.8   65123.1    254.3    0.4%   64868.8     0     0.00
  51    3447.1       83.1    3364.0     47.8    1.4%    3316.3     0     0.00
  52  137416.6       81.0  137335.6    436.3    0.3%  136899.3     0     0.00
  53    3470.2       95.2    3375.0     46.3    1.4%    3328.7     0     0.00
  54    3740.8       63.3    3677.5     48.7    1.3%    3628.8     0     0.00
  55    3487.7       86.7    3401.0     50.5    1.5%    3350.5     0     0.00
  56   15646.2       74.6   15571.6     88.1    0.6%   15483.5     0     0.00
  57    3497.7       90.8    3406.9     50.3    1.5%    3356.6     0     0.00
  58    3483.3       76.3    3407.0     47.8    1.4%    3359.2     0     0.00
  59    8302.3       90.3    8212.0     65.4    0.8%    8146.6     0     0.00
  60    6915.5       73.1    6842.4     60.4    0.9%    6782.0     0     0.00
  61    3458.9       41.5    3417.4     48.9    1.4%    3368.5     0     0.00
  62   35218.1       85.9   35132.3    147.2    0.4%   34985.0     0     0.00
  63   24811.3       78.9   24732.4    108.3    0.4%   24624.2     0     0.00
  64   38240.8       90.2   38150.5    161.2    0.4%   37989.3     0     0.00
  65    3490.5       80.5    3410.0     46.0    1.3%    3363.9     0     0.00
  66    3454.1       45.0    3409.2     43.0    1.3%    3366.2     0     0.00
  67   43103.1       97.9   43005.2    177.0    0.4%   42828.3     0     0.00
  68    3495.3       70.6    3424.7     45.6    1.3%    3379.1     0     0.00
  69    3507.9       79.1    3428.8     42.2    1.2%    3386.6     0     0.00
  70    6982.2       80.3    6901.9     51.9    0.8%    6850.0     0     0.00
  71   17203.7       95.0   17108.7     79.4    0.5%   17029.3     0     0.00
  72   15084.8       80.2   15004.7     71.1    0.5%   14933.5     0     0.00
  73    6447.5     2980.7    3466.8     41.5    1.2%    3425.3     0     0.00
  74   52481.5     9106.4   43375.2    195.9    0.5%   43179.3     0     0.00
  75   10613.3     7067.0    3546.3     64.5    1.8%    3481.8     0     0.00
  76   14331.1     7143.2    7187.9     53.8    0.7%    7134.2     0     0.00
  77   26479.7     7061.1   19418.6     97.4    0.5%   19321.2     0     0.00
  78   48963.0     7003.9   41959.1    172.0    0.4%   41787.1     0     0.00
  79   34753.1    10058.2   24694.9    138.3    0.6%   24556.6     0     0.00
  80   39602.3     8046.7   31555.6    156.8    0.5%   31398.8     0     0.00
  81   10891.0     7310.1    3581.0     60.1    1.7%    3520.8     0     0.00
  82   17240.5    10318.0    6922.4     72.3    1.0%    6850.1     0     0.00
  83   23935.5     9332.6   14603.0    105.5    0.7%   14497.5     0     0.00
  84   13041.1     9472.6    3568.6     65.2    1.8%    3503.4     0     0.00
  85   40339.8     9109.4   31230.4    138.9    0.4%   31091.5     0     0.00
  86   12071.7     8555.6    3516.0     42.6    1.2%    3473.4     0     0.00
  87   25969.6     8159.6   17810.0     97.8    0.5%   17712.2     0     0.00
  88   19867.6    11078.7    8788.9     82.3    0.9%    8706.6     0     0.00
  89  150491.9    10923.5  139568.3    456.7    0.3%  139111.6     0     0.00
  90   44673.1    10879.1   33793.9    146.4    0.4%   33647.5     0     0.00
  91  151275.5    11727.6  139547.9    458.8    0.3%  139089.1     0     0.00
  92   50767.0    12914.8   37852.2    173.2    0.5%   37679.0     0     0.00
  93   36815.0    12147.2   24667.8    117.1    0.5%   24550.7     0     0.00
  94   15155.6    11648.5    3507.1     47.0    1.3%    3460.1     0     0.00
  95   67271.1    10561.6   56709.5    180.0    0.3%   56529.4     0     0.00
  96   16399.9    10022.6    6377.3     55.8    0.9%    6321.5     0     0.00
  97   26895.4    10869.9   16025.5     90.4    0.6%   15935.1     0     0.00
  98   65885.8    10504.8   55381.0    176.9    0.3%   55204.1     0     0.00
  99   19278.9    10127.3    9151.5     68.4    0.7%    9083.1     0     0.00
 100   62275.1     9849.9   52425.2    164.4    0.3%   52260.8     0     0.00
 101   28435.1     9820.2   18614.9     95.0    0.5%   18519.9     0     0.00
 102   13210.0     9758.6    3451.4     46.7    1.4%    3404.7     0     0.00
 103   51709.8     9370.0   42339.8    138.6    0.3%   42201.2     0     0.00
 104   13726.2    10276.6    3449.6     48.1    1.4%    3401.6     0     0.00
 105   14946.4    11495.1    3451.3     47.2    1.4%    3404.1     0     0.00
 106   65926.4    11196.5   54729.9    191.5    0.3%   54538.4     0     0.00
 107   18122.3    11199.7    6922.6     56.4    0.8%    6866.2     0     0.00
 108   64336.8    11020.1   53316.7    166.0    0.3%   53150.7     0     0.00
 109   14082.9    10633.6    3449.3     43.7    1.3%    3405.6     0     0.00
 110   25972.0    10306.1   15665.9     61.1    0.4%   15604.8     0     0.00
 111   13763.4    10308.3    3455.1     43.1    1.2%    3412.0     0     0.00
 112   13715.1    10258.9    3456.1     42.3    1.2%    3413.8     0     0.00
 113   16724.4    13251.8    3472.6     43.4    1.2%    3429.3     0     0.00
 114   20420.4    13409.0    7011.3     53.1    0.8%    6958.2     0     0.00
 115   35317.1    13568.8   21748.3     96.6    0.4%   21651.7     0     0.00
 116   52207.6    13296.3   38911.3    117.0    0.3%   38794.3     0     0.00
 117   15779.6    12306.5    3473.1     41.0    1.2%    3432.1     0     0.00
 118   17382.2    13883.0    3499.2     42.4    1.2%    3456.9     0     0.00
 119   53479.4    15772.6   37706.7    113.5    0.3%   37593.3     0     0.00
 120   21110.0    17454.6    3655.4     42.6    1.2%    3612.8     0     0.00
 121   49553.9    18809.4   30744.4    112.8    0.4%   30631.6     0     0.00
 122   70384.7    20107.2   50277.6    175.1    0.3%   50102.5     0     0.00
 123   56087.3    19583.9   36503.3    129.3    0.4%   36374.0     0     0.00
 124  122566.6    20640.7  101925.9    312.6    0.3%  101613.3     0     0.00
 125   27616.3    22265.2    5351.0     68.1    1.3%    5283.0     0     0.00
 126   46217.9    23928.4   22289.5     89.8    0.4%   22199.7     0     0.00
 127   38011.3    23259.4   14752.0     71.7    0.5%   14680.3     0     0.00
 128   80795.0    23421.8   57373.2    189.0    0.3%   57184.2     0     0.00
 129   82007.2    23358.4   58648.8    192.7    0.3%   58456.1     0     0.00
 130   40615.7    22871.4   17744.3     77.0    0.4%   17667.3     0     0.00
 131   60196.5    23331.7   36864.8    131.6    0.4%   36733.2     0     0.00
 132   77202.7    23295.5   53907.1    161.0    0.3%   53746.1     0     0.00
 133   44455.5    26524.9   17930.6     57.8    0.3%   17872.8     0     0.00
 134   29724.1    26185.2    3538.9     41.8    1.2%    3497.1     0     0.00
 135   29631.6    26092.7    3538.8     41.7    1.2%    3497.1     0     0.00
 136   29472.7    25933.9    3538.8     41.7    1.2%    3497.1     0     0.00
 137   62337.7    45138.4   17199.4     86.9    0.5%   17112.5     0     0.00
 138   58522.6    48905.6    9616.9     83.3    0.9%    9533.6     0     0.00
 139   53232.4    48709.9    4522.5     48.8    1.1%    4473.6     0     0.00
 140   53754.2    48421.2    5333.1     72.2    1.4%    5260.9     0     0.00
 141   73580.2    50819.3   22761.0    103.8    0.5%   22657.1     0     0.00
 142   54317.7    50609.3    3708.4     69.0    1.9%    3639.4     0     0.00
 143   60647.3    50780.3    9866.9     66.2    0.7%    9800.7     0     0.00
 144   54839.3    50678.3    4161.0     69.8    1.7%    4091.1     0     0.00
 145   62673.0    50652.9   12020.1     73.7    0.6%   11946.5     0     0.00
 146   60909.1    50458.6   10450.5     67.5    0.6%   10383.0     0     0.00
 147  111483.0    50137.7   61345.3    202.5    0.3%   61142.8     0     0.00
 148   78623.7    50698.5   27925.2    114.1    0.4%   27811.1     0     0.00
 149   63636.9    50371.9   13265.1     74.7    0.6%   13190.4     0     0.00
 150   58469.3    49554.6    8914.7     59.2    0.7%    8855.5     0     0.00
 151   57778.1    49546.8    8231.4     56.7    0.7%    8174.7     0     0.00
 152   90739.6    50192.4   40547.1    149.1    0.4%   40398.1     0     0.00
 153   54296.2    50595.7    3700.5     43.4    1.2%    3657.1     0     0.00
 154   58420.0    49959.1    8460.9     57.4    0.7%    8403.5     0     0.00
 155   68862.5    49873.0   18989.5     86.1    0.5%   18903.5     0     0.00
 156   54195.6    49617.8    4577.8     46.1    1.0%    4531.7     0     0.00
 157   61471.8    52463.9    9007.9     61.3    0.7%    8946.6     0     0.00
 158   68610.3    52104.9   16505.5     77.5    0.5%   16427.9     0     0.00
 159   62876.8    55480.1    7396.7     57.3    0.8%    7339.5     0     0.00
 160   75657.8    54201.2   21456.6     92.3    0.4%   21364.3     0     0.00
 161   76484.1    54053.0   22431.1    116.9    0.5%   22314.1     0     0.00
 162  100618.2    53726.4   46891.8    159.8    0.3%   46732.0     0     0.00
 163  107379.0    54178.2   53200.8    174.1    0.3%   53026.7     0     0.00
 164   99932.6    56261.4   43671.2    150.7    0.3%   43520.5     0     0.00
 165   75453.6    56421.0   19032.6    106.5    0.6%   18926.1     0     0.00
 166   60389.9    56676.8    3713.1     42.5    1.1%    3670.6     0     0.00
 167   68158.3    64430.7    3727.6     42.6    1.1%    3684.9     0     0.00
 168   73202.4    63931.5    9270.9     79.7    0.9%    9191.2     0     0.00
 169  107155.6    63901.6   43254.0    148.5    0.3%   43105.5     0     0.00
 170   72622.9    63755.9    8867.0     78.8    0.9%    8788.2     0     0.00
 171   70904.6    64835.2    6069.3     72.1    1.2%    5997.2     0     0.00
 172   72027.1    65034.8    6992.3     77.1    1.1%    6915.2     0     0.00
 173  130165.2    64851.5   65313.7    257.3    0.4%   65056.4     0     0.00
 174   67622.7    63912.2    3710.4     43.5    1.2%    3666.9     0     0.00
 175   67436.5    63726.1    3710.4     43.5    1.2%    3666.9     0     0.00
 176  110077.6    64140.0   45937.5    176.6    0.4%   45760.9     0     0.00
 177  130214.0    66112.5   64101.5    256.5    0.4%   63845.0     0     0.00
 178   80570.4    65842.8   14727.6     95.6    0.6%   14632.0     0     0.00
 179  120086.0    65733.9   54352.1    210.2    0.4%   54141.8     0     0.00
 180   94564.9    65729.4   28835.6    108.4    0.4%   28727.2     0     0.00
 181   72099.9    64709.0    7390.8     73.4    1.0%    7317.4     0     0.00
 182   72081.2    64690.5    7390.8     73.3    1.0%    7317.4     0     0.00
 183  103687.1    63833.4   39853.6    138.9    0.3%   39714.7     0     0.00
 184   65844.8    62197.5    3647.3     65.4    1.8%    3581.9     0     0.00
 185   72811.1    61774.4   11036.6     64.1    0.6%   10972.5     0     0.00
 186  101987.3    61735.3   40252.0    122.0    0.3%   40130.0     0     0.00
 187  110399.0    61022.4   49376.6    174.2    0.4%   49202.4     0     0.00
 188   62798.1    59204.7    3593.4     47.6    1.3%    3545.8     0     0.00
 189   68549.7    58962.1    9587.7     40.1    0.4%    9547.6     0     0.00
 190  101555.0    59502.7   42052.3    142.2    0.3%   41910.1     0     0.00
 191   66225.8    59466.0    6759.9     31.9    0.5%    6728.0     0     0.00
 192   90095.7    59950.6   30145.2     87.4    0.3%   30057.7     0     0.00
 193   72183.4    68424.1    3759.4     63.6    1.7%    3695.8     0     0.00
 194   73850.0    70150.1    3699.8     43.9    1.2%    3655.9     0     0.00
 195  112118.5    70000.8   42117.6    180.6    0.4%   41937.1     0     0.00
 196   93729.7    69946.7   23783.1     91.6    0.4%   23691.5     0     0.00
 197   73539.2    69838.9    3700.3     43.2    1.2%    3657.1     0     0.00
 198   82264.5    69290.5   12974.0     63.9    0.5%   12910.1     0     0.00
 199   77958.2    69116.1    8842.0     54.5    0.6%    8787.5     0     0.00
 200  107725.8    85222.4   22503.3    124.7    0.6%   22378.6     0     0.00
 201  104837.7    85026.0   19811.7    115.3    0.6%   19696.4     0     0.00
 202  125031.6    84032.8   40998.8    213.3    0.5%   40785.5     0     0.00
 203   89633.9    85844.4    3789.5     64.8    1.7%    3724.7     0     0.00
 204  116888.8    85832.7   31056.1    170.4    0.5%   30885.6     0     0.00
 205   94795.8    85757.8    9038.0     79.4    0.9%    8958.6     0     0.00
 206   96271.9    87222.2    9049.7     62.3    0.7%    8987.4     0     0.00
 207  113272.1    85085.3   28186.9    160.7    0.6%   28026.1     0     0.00
 208   89343.2    84669.2    4674.1     63.8    1.4%    4610.2     0     0.00
 209   89136.0    84462.0    4674.0     63.8    1.4%    4610.2     0     0.00
 210  148195.4    84411.1   63784.3    260.1    0.4%   63524.2     0     0.00
 211   88856.1    83850.8    5005.3     48.1    1.0%    4957.3     0     0.00
 212  102131.1    82941.4   19189.6    116.1    0.6%   19073.6     0     0.00
 213  107076.6    81594.3   25482.3    149.6    0.6%   25332.7     0     0.00
 214   91295.9    83709.8    7586.1     77.0    1.0%    7509.1     0     0.00
 215  146836.7    85078.8   61757.9    259.6    0.4%   61498.3     0     0.00
 216   88330.8    84531.0    3799.9     45.3    1.2%    3754.6     0     0.00
 217   88292.2    84478.0    3814.2     64.5    1.7%    3749.7     0     0.00
 218  115291.9    82534.1   32757.8    188.3    0.6%   32569.5     0     0.00
 219  107663.6    82400.8   25262.8    159.3    0.6%   25103.5     0     0.00
 220   85566.6    81752.4    3814.2     64.2    1.7%    3749.9     0     0.00
 221  130876.5    84636.8   46239.8    212.2    0.5%   46027.5     0     0.00
 222   96429.0    84998.8   11430.3     96.2    0.8%   11334.1     0     0.00
 223   87509.6    83789.0    3720.6     66.0    1.8%    3654.6     0     0.00
 224   87393.5    83672.9    3720.6     66.0    1.8%    3654.6     0     0.00
 225  120309.0    83015.2   37293.8    185.6    0.5%   37108.2     0     0.00
 226   86189.8    82556.2    3633.6     48.2    1.3%    3585.4     0     0.00
 227  148024.9    81942.7   66082.2    269.8    0.4%   65812.5     0     0.00
 228  103851.5    81885.8   21965.7    131.6    0.6%   21834.1     0     0.00
 229   86548.2    82986.2    3562.1     48.6    1.4%    3513.4     0     0.00
 230   86377.0    82814.9    3562.0     48.6    1.4%    3513.4     0     0.00
 231  132577.9    81805.6   50772.3    203.2    0.4%   50569.1     0     0.00
 232  125879.9    81375.1   44504.8    185.4    0.4%   44319.4     0     0.00
 233  173811.4    79869.5   93941.9    319.3    0.3%   93622.5     0     0.00
 234  216657.7    78745.9  137911.8    444.6    0.3%  137467.2     0     0.00
 235   86670.4    78669.2    8001.2     60.5    0.8%    7940.7     0     0.00
 236   87529.4    78302.9    9226.6     66.2    0.7%    9160.4     0     0.00
 237   84870.2    81085.1    3785.1     45.1    1.2%    3740.0     0     0.00
 238   84585.6    81066.1    3519.5     43.8    1.2%    3475.7     0     0.00
 239   91829.6    81029.1   10800.4     78.5    0.7%   10721.9     0     0.00
 240  218057.0    80056.6  138000.4    442.4    0.3%  137558.0     0     0.00
 241  115685.3    79279.4   36405.8    155.9    0.4%   36250.0     0     0.00
 242   86298.9    78397.1    7901.8     64.4    0.8%    7837.3     0     0.00
 243   87875.9    78189.5    9686.4     69.9    0.7%    9616.5     0     0.00
 244   88151.1    79061.4    9089.8     69.0    0.8%    9020.8     0     0.00
 245   92835.1    78298.5   14536.6     97.8    0.7%   14438.8     0     0.00
 246   82422.5    78093.1    4329.4     44.9    1.0%    4284.5     0     0.00
 247   84967.2    77670.4    7296.8     60.7    0.8%    7236.2     0     0.00
 248   85521.9    82003.9    3517.9     47.2    1.3%    3470.8     0     0.00
 249  131211.9    81960.4   49251.5    211.9    0.4%   49039.7     0     0.00
 250   85357.4    81841.6    3515.8     45.4    1.3%    3470.4     0     0.00
 251   84250.2    80734.4    3515.8     45.4    1.3%    3470.4     0     0.00
 252  127349.8    80321.0   47028.8    182.7    0.4%   46846.0     0     0.00
 253   83422.7    79860.4    3562.3     49.1    1.4%    3513.2     0     0.00
 254   83117.7    79589.3    3528.4     47.4    1.3%    3481.0     0     0.00
 255  110980.1    79847.3   31132.8    133.6    0.4%   30999.2     0     0.00
 256   93091.0    79107.7   13983.2     97.7    0.7%   13885.5     0     0.00
 257   98649.4    80515.0   18134.4    112.5    0.6%   18021.9     0     0.00
 258   84083.8    80511.8    3572.0     54.0    1.5%    3518.1     0     0.00
 259   83752.9    80219.7    3533.2     49.1    1.4%    3484.1     0     0.00
 260   87743.2    80790.9    6952.3     69.0    1.0%    6883.4     0     0.00
 261   84353.4    80828.0    3525.4     48.2    1.4%    3477.3     0     0.00
 262  100117.0    79812.6   20304.4    114.3    0.6%   20190.2     0     0.00
 263   99825.9    80087.7   19738.2    114.1    0.6%   19624.1     0     0.00
 264   88925.3    79985.6    8939.7     73.4    0.8%    8866.3     0     0.00
 265   83472.2    79159.4    4312.9     50.7    1.2%    4262.2     0     0.00
 266   83199.3    78886.5    4312.8     50.6    1.2%    4262.2     0     0.00
 267   90320.2    78824.5   11495.8     83.5    0.7%   11412.3     0     0.00
 268   85834.1    78766.8    7067.3     65.7    0.9%    7001.6     0     0.00
 269   83234.2    79719.1    3515.2     48.8    1.4%    3466.4     0     0.00
 270   83604.9    80105.6    3499.3     55.6    1.6%    3443.7     0     0.00
 271  102801.6    81151.4   21650.1     92.1    0.4%   21558.0     0     0.00
 272   83531.0    79945.2    3585.8     55.7    1.6%    3530.1     0     0.00
 273   91002.1    79739.9   11262.2     79.6    0.7%   11182.7     0     0.00
 274  127530.6    77979.8   49550.8    171.0    0.3%   49379.8     0     0.00
 275   80367.2    76816.3    3550.8     52.2    1.5%    3498.6     0     0.00
 276   86386.5    76972.3    9414.2     72.0    0.8%    9342.2     0     0.00
 277  147339.1    77544.0   69795.1    225.5    0.3%   69569.6     0     0.00
 278   86948.7    77547.8    9400.9     69.9    0.7%    9331.0     0     0.00
 279   81172.5    77665.1    3507.4     43.6    1.2%    3463.7     0     0.00
 280  110741.4    77136.7   33604.7    113.2    0.3%   33491.5     0     0.00
 281  136797.8    77375.0   59422.8    196.7    0.3%   59226.0     0     0.00
 282   81260.8    77765.9    3494.9     46.9    1.3%    3448.0     0     0.00
 283  117272.3    75970.6   41301.7    156.9    0.4%   41144.8     0     0.00
 284  196704.4    77202.7  119501.7    380.6    0.3%  119121.1     0     0.00
 285  124980.7    78573.2   46407.5    150.3    0.3%   46257.2     0     0.00
 286   92512.0    78405.7   14106.3     73.7    0.5%   14032.6     0     0.00
 287   82844.8    79376.0    3468.8     40.1    1.2%    3428.7     0     0.00
 288  106502.0    82235.7   24266.2     82.7    0.3%   24183.5     0     0.00
 289   85561.6    82045.3    3516.3     43.8    1.2%    3472.5     0     0.00
 290  121249.3    80747.2   40502.1    123.9    0.3%   40378.2     0     0.00
 291   86711.0    82998.3    3712.7     45.1    1.2%    3667.6     0     0.00
 292   88327.5    84661.4    3666.1     22.7    0.6%    3643.4     0     0.00
 293   91934.0    88341.1    3592.9     44.5    1.2%    3548.4     0     0.00
 294   92221.4    88627.0    3594.5     42.5    1.2%    3552.0     0     0.00
 295   90300.7    86707.0    3593.8     42.0    1.2%    3551.7     0     0.00
 296  151049.0    87444.2   63604.8    215.8    0.3%   63389.0     0     0.00
 297  145577.3    89527.0   56050.3    187.7    0.3%   55862.6     0     0.00
 298  119741.4    88984.8   30756.6    119.8    0.4%   30636.8     0     0.00
 299   92510.8    88835.0    3675.8     62.0    1.7%    3613.8     0     0.00
 300   98781.5    88479.3   10302.2     61.2    0.6%   10241.0     0     0.00
 301  141288.1    88860.0   52428.1    178.1    0.3%   52250.0     0     0.00
 302  228684.7    88753.9  139930.8    428.6    0.3%  139502.2     0     0.00
 303  120856.4    97480.8   23375.7    103.4    0.4%   23272.2     0     0.00
 304  113624.7    97683.0   15941.6     77.2    0.5%   15864.4     0     0.00
 305  235886.8    95671.5  140215.3    431.2    0.3%  139784.1     0     0.00
 306  118649.6    96038.1   22611.5     98.5    0.4%   22513.0     0     0.00
 307  130572.2    96974.9   33597.2    125.3    0.4%   33471.9     0     0.00
 308  105433.2    96660.5    8772.6     55.5    0.6%    8717.1     0     0.00
 309  235523.1    95246.3  140276.8    450.3    0.3%  139826.4     0     0.00
 310  153577.3    95001.4   58575.8    197.4    0.3%   58378.4     0     0.00
 311  165095.0    94871.5   70223.5    210.5    0.3%   70013.0     0     0.00
 312  141094.6    96606.7   44487.9    134.9    0.3%   44353.0     0     0.00
 313  142616.6   108744.8   33871.8    130.4    0.4%   33741.4     0     0.00
 314  111559.7   107839.2    3720.5     68.2    1.8%    3652.3     0     0.00
 315  110652.5   106920.5    3732.0     42.7    1.1%    3689.3     0     0.00
 316  110471.6   106739.6    3732.0     42.7    1.1%    3689.3     0     0.00
 317  139659.5   106537.5   33122.0    123.8    0.4%   32998.2     0     0.00
 318  109875.6   106178.1    3697.5     41.6    1.1%    3655.9     0     0.00
 319  160746.5   109845.6   50900.9    175.5    0.3%   50725.5     0     0.00
 320  135167.5   109431.8   25735.7    100.4    0.4%   25635.3     0     0.00
 321  116838.0   111579.2    5258.8     48.6    0.9%    5210.2     0     0.00
 322  115240.9   111604.4    3636.6     43.2    1.2%    3593.4     0     0.00
 323  117807.5   114160.8    3646.7     42.3    1.2%    3604.4     0     0.00
 324  132811.7   128282.1    4529.6     44.6    1.0%    4485.0     0     0.00
 325  146663.0   127916.2   18746.8     89.8    0.5%   18657.1     0     0.00
 326  147898.4   127914.8   19983.6     91.9    0.5%   19891.7     0     0.00
 327  168117.5   133884.6   34232.9    130.5    0.4%   34102.3     0     0.00
 328  156898.3   133411.4   23486.9    101.5    0.4%   23385.4     0     0.00
 329  136932.5   133239.9    3692.6     44.9    1.2%    3647.7     0     0.00
 330  136629.1   132937.5    3691.6     45.6    1.2%    3646.0     0     0.00
 331  144062.3   132630.7   11431.6     68.4    0.6%   11363.2     0     0.00
 332  196354.2   133687.1   62667.1    218.0    0.3%   62449.1     0     0.00
 333  175512.2   134769.5   40742.7    181.6    0.4%   40561.1     0     0.00
 334  138181.0   134422.1    3758.9     66.9    1.8%    3692.1     0     0.00
 335  141123.4   133694.8    7428.6     56.7    0.8%    7371.9     0     0.00
 336  137805.4   134068.3    3737.1     45.7    1.2%    3691.3     0     0.00
 337  137165.1   132611.6    4553.5     47.7    1.0%    4505.8     0     0.00
 338  137104.7   132552.7    4552.1     46.5    1.0%    4505.6     0     0.00
 339  151444.3   132380.1   19064.2     82.9    0.4%   18981.3     0     0.00
 340  154369.8   130281.9   24088.0     98.8    0.4%   23989.1     0     0.00
 341  138302.5   129458.5    8843.9     53.4    0.6%    8790.5     0     0.00
 342  140098.2   129264.7   10833.5     62.4    0.6%   10771.1     0     0.00
 343  147004.4   138152.7    8851.7     57.6    0.7%    8794.1     0     0.00
 344  143496.1   137968.5    5527.6     49.3    0.9%    5478.3     0     0.00
 345  140408.4   136708.5    3699.9     45.3    1.2%    3654.6     0     0.00
 346  196606.1   137154.4   59451.7    201.3    0.3%   59250.4     0     0.00
 347  142949.0   136035.0    6914.0     50.6    0.7%    6863.4     0     0.00
 348  139694.0   135994.6    3699.4     42.4    1.1%    3657.1     0     0.00
 349  183786.9   134785.4   49001.5    174.5    0.4%   48827.0     0     0.00
 350  154304.2   143692.8   10611.4     61.2    0.6%   10550.2     0     0.00
 351  162219.7   143933.0   18286.7    109.6    0.6%   18177.1     0     0.00
 352  148927.1   144386.7    4540.4     46.3    1.0%    4494.1     0     0.00
 353  186352.2   143573.1   42779.1    158.0    0.4%   42621.1     0     0.00
 354  151770.8   142417.9    9352.9     56.8    0.6%    9296.0     0     0.00
 355  196289.1   142191.5   54097.6    188.4    0.3%   53909.2     0     0.00
 356  227753.6   141506.4   86247.2    318.2    0.4%   85929.0     0     0.00
 357  181105.5   140955.9   40149.6    149.5    0.4%   40000.1     0     0.00
 358  182565.1   149584.9   32980.2    132.3    0.4%   32847.9     0     0.00
 359  155777.5   152028.7    3748.7     67.4    1.8%    3681.3     0     0.00
 360  155690.7   151942.1    3748.7     67.3    1.8%    3681.3     0     0.00
 361  211857.8   151347.9   60509.8    233.0    0.4%   60276.8     0     0.00
 362  226950.2   150795.7   76154.5    300.1    0.4%   75854.4     0     0.00
 363  161348.1   150652.8   10695.3     94.9    0.9%   10600.4     0     0.00
 364  166016.9   150616.3   15400.6     90.7    0.6%   15309.9     0     0.00
 365  161260.3   151926.2    9334.2     88.9    1.0%    9245.3     0     0.00
 366  160784.4   151137.7    9646.7     89.6    0.9%    9557.0     0     0.00
 367  189689.8   150774.3   38915.5    143.2    0.4%   38772.3     0     0.00
 368  180568.6   150345.8   30222.9    123.5    0.4%   30099.4     0     0.00
 369  153016.3   149396.8    3619.5     77.0    2.1%    3542.5     0     0.00
 370  158958.7   149131.4    9827.4     67.9    0.7%    9759.5     0     0.00
 371  153250.7   149643.3    3607.3     68.2    1.9%    3539.2     0     0.00
 372  153976.4   149573.7    4402.6     70.2    1.6%    4332.5     0     0.00
 373  153826.3   149423.7    4402.6     70.1    1.6%    4332.5     0     0.00
 374  159014.2   149464.9    9549.3     46.1    0.5%    9503.2     0     0.00
 375  168504.9   148944.6   19560.3     72.1    0.4%   19488.2     0     0.00
 376  152258.9   148676.3    3582.6     46.8    1.3%    3535.9     0     0.00
 377  151836.0   148253.4    3582.6     46.7    1.3%    3535.9     0     0.00
 378  151804.3   148221.7    3582.5     46.7    1.3%    3535.9     0     0.00
 379  157687.9   148498.0    9189.9     43.6    0.5%    9146.3     0     0.00
 380  154267.4   150657.9    3609.5     38.2    1.1%    3571.3     0     0.00
 381  159578.3   151547.3    8031.0     39.6    0.5%    7991.4     0     0.00
 382  211038.3   151396.1   59642.3    206.6    0.3%   59435.6     0     0.00
 383  164651.4   150514.4   14137.0     54.4    0.4%   14082.6     0     0.00
 384  158292.1   151023.4    7268.7     34.6    0.5%    7234.1     0     0.00
 385  196812.6   155294.9   41517.7    143.7    0.3%   41374.0     0     0.00
 386  192956.7   155494.3   37462.4    130.8    0.3%   37331.6     0     0.00
 387  180856.8   155497.0   25359.7     95.2    0.4%   25264.5     0     0.00
 388  215573.8   157524.1   58049.6    221.2    0.4%   57828.4     0     0.00
 389  216462.2   157151.0   59311.2    235.6    0.4%   59075.6     0     0.00
 390  180200.2   171318.1    8882.1     57.5    0.6%    8824.6     0     0.00
 391  180718.2   171072.4    9645.8     59.1    0.6%    9586.7     0     0.00
 392  175683.0   170784.0    4899.0     46.0    0.9%    4853.0     0     0.00
 393  185672.2   170237.0   15435.2     74.7    0.5%   15360.5     0     0.00
 394  200856.1   175207.7   25648.4    135.2    0.5%   25513.2     0     0.00
 395  194949.0   175107.9   19841.2    109.8    0.6%   19731.3     0     0.00
 396  206016.9   178818.2   27198.7    142.1    0.5%   27056.6     0     0.00
 397  199725.0   177451.9   22273.1    124.4    0.6%   22148.7     0     0.00
 398  203765.4   180068.4   23697.0    132.1    0.6%   23564.9     0     0.00
 399  210193.1   180391.9   29801.2    150.8    0.5%   29650.4     0     0.00
 400  216445.0   179982.6   36462.4    181.2    0.5%   36281.2     0     0.00
 401  182569.0   178794.1    3774.9     43.8    1.2%    3731.1     0     0.00
 402  183457.6   177584.1    5873.6     68.0    1.2%    5805.6     0     0.00
 403  229710.5   181334.3   48376.2    223.8    0.5%   48152.4     0     0.00
 404  184628.0   180851.3    3776.7     42.5    1.1%    3734.3     0     0.00
 405  223879.8   180824.8   43055.0    204.1    0.5%   42850.9     0     0.00
 406  184566.0   180789.4    3776.6     42.4    1.1%    3734.3     0     0.00
 407  185008.9   180430.9    4578.0     45.9    1.0%    4532.1     0     0.00
 408  208806.4   179380.6   29425.8    160.8    0.5%   29265.1     0     0.00
 409  183071.3   179294.8    3776.4     42.2    1.1%    3734.3     0     0.00
 410  201879.0   183110.5   18768.5    120.3    0.6%   18648.2     0     0.00
 411  238096.3   182073.6   56022.8    261.0    0.5%   55761.8     0     0.00
 412  192064.7   181957.3   10107.4     86.7    0.9%   10020.7     0     0.00
 413  220201.6   186137.6   34064.1    180.4    0.5%   33883.7     0     0.00
 414  241642.3   185192.5   56449.8    270.1    0.5%   56179.7     0     0.00
 415  188613.4   184962.9    3650.5     67.4    1.8%    3583.0     0     0.00
 416  198639.2   184391.7   14247.5    105.4    0.7%   14142.1     0     0.00
 417  231500.9   183725.6   47775.3    234.9    0.5%   47540.4     0     0.00
 418  222907.2   183329.5   39577.7    183.7    0.5%   39394.0     0     0.00
 419  185954.5   182306.7    3647.8     67.2    1.8%    3580.6     0     0.00
 420  191780.2   181262.6   10517.6     72.4    0.7%   10445.1     0     0.00
 421  280063.9   179720.2  100343.7    387.3    0.4%   99956.4     0     0.00
 422  226430.3   181491.5   44938.8    200.5    0.4%   44738.3     0     0.00
 423  220400.7   181394.7   39006.0    179.3    0.5%   38826.7     0     0.00
 424  186536.8   181284.0    5252.8     53.5    1.0%    5199.3     0     0.00
 425  219526.7   181160.8   38365.9    174.4    0.5%   38191.5     0     0.00
 426  184241.3   180739.5    3501.8     45.9    1.3%    3456.0     0     0.00
 427  232762.8   182131.4   50631.4    229.4    0.5%   50402.0     0     0.00
 428  185614.4   182105.0    3509.4     48.3    1.4%    3461.0     0     0.00
 429  216903.2   181566.6   35336.6    162.4    0.5%   35174.2     0     0.00
 430  210905.2   181974.9   28930.2    139.5    0.5%   28790.8     0     0.00
 431  185309.1   181795.9    3513.2     46.4    1.3%    3466.8     0     0.00
 432  185240.0   181728.4    3511.6     43.1    1.2%    3468.5     0     0.00
 433  201217.8   181702.2   19515.6    103.9    0.5%   19411.7     0     0.00
 434  193165.7   181082.5   12083.3     68.7    0.6%   12014.6     0     0.00
 435  189908.5   186371.3    3537.2     45.2    1.3%    3491.9     0     0.00
 436  187921.1   184384.0    3537.1     45.2    1.3%    3491.9     0     0.00
 437  208118.2   183558.4   24559.8    125.4    0.5%   24434.3     0     0.00
 438  223777.4   183292.6   40484.8    185.4    0.5%   40299.4     0     0.00
 439  186712.8   183171.3    3541.6     42.2    1.2%    3499.3     0     0.00
 440  191459.1   185326.2    6132.9     61.4    1.0%    6071.4     0     0.00
 441  187587.9   183958.5    3629.3     51.4    1.4%    3577.9     0     0.00
 442  191087.1   186552.0    4535.2     56.5    1.2%    4478.7     0     0.00
 443  189361.1   185804.4    3556.7     52.9    1.5%    3503.9     0     0.00
 444  188439.4   184882.8    3556.7     52.8    1.5%    3503.9     0     0.00
 445  191783.2   184674.1    7109.1     65.4    0.9%    7043.7     0     0.00
 446  188144.6   184601.6    3543.0     44.9    1.3%    3498.1     0     0.00
 447  202732.0   184309.3   18422.7     97.0    0.5%   18325.7     0     0.00
 448  204205.7   183053.6   21152.1    105.1    0.5%   21047.0     0     0.00
 449  184853.7   181281.3    3572.5     41.8    1.2%    3530.7     0     0.00
 450  184612.4   181040.0    3572.4     41.7    1.2%    3530.7     0     0.00
 451  230862.8   180390.8   50472.0    212.5    0.4%   50259.5     0     0.00
 452  191307.0   180434.4   10872.6     67.4    0.6%   10805.2     0     0.00
 453  183912.0   180343.5    3568.4     41.1    1.2%    3527.3     0     0.00
 454  188170.4   180148.2    8022.2     59.9    0.7%    7962.3     0     0.00
 455  187305.4   180112.5    7193.0     55.3    0.8%    7137.6     0     0.00
 456  184077.5   179784.0    4293.5     44.1    1.0%    4249.4     0     0.00
 457  182476.0   178182.6    4293.4     44.0    1.0%    4249.4     0     0.00
 458  199443.1   178150.6   21292.5    106.1    0.5%   21186.5     0     0.00
 459  182680.1   177689.1    4991.0     45.9    0.9%    4945.1     0     0.00
 460  248599.3   177429.7   71169.6    253.8    0.4%   70915.8     0     0.00
 461  247922.9   178700.2   69222.8    251.4    0.4%   68971.4     0     0.00
 462  236205.4   179437.7   56767.8    211.8    0.4%   56556.0     0     0.00
 463  182800.9   179293.6    3507.3     45.1    1.3%    3462.2     0     0.00
 464  190017.9   178664.9   11353.1     69.1    0.6%   11284.0     0     0.00
 465  243471.1   179271.6   64199.4    232.7    0.4%   63966.8     0     0.00
 466  182634.7   179167.5    3467.1     44.4    1.3%    3422.8     0     0.00
 467  182379.7   178913.8    3465.9     44.3    1.3%    3421.6     0     0.00
 468  184601.0   181163.2    3437.8     44.6    1.3%    3393.2     0     0.00
 469  184299.8   180860.7    3439.2     43.3    1.3%    3395.9     0     0.00
 470  201540.5   180838.4   20702.0    104.6    0.5%   20597.5     0     0.00
 471  194579.9   180569.2   14010.7     78.9    0.6%   13931.8     0     0.00
 472  183945.1   180491.2    3453.9     40.2    1.2%    3413.7     0     0.00
 473  191645.6   183873.2    7772.4     55.4    0.7%    7717.0     0     0.00
 474  191154.0   187316.0    3838.0     45.2    1.2%    3792.8     0     0.00
 475  191990.3   187224.8    4765.5     30.4    0.6%    4735.1     0     0.00
 476  214215.8   187207.7   27008.1    137.8    0.5%   26870.3     0     0.00
 477  198481.2   188463.4   10017.8     71.8    0.7%    9946.0     0     0.00
 478  213886.7   190017.1   23869.6    145.9    0.6%   23723.7     0     0.00
 479  209507.6   190113.0   19394.6    129.0    0.7%   19265.7     0     0.00
 480  227438.9   189286.5   38152.4    169.8    0.4%   37982.6     0     0.00
 481  192974.7   187521.2    5453.5     56.1    1.0%    5397.3     0     0.00
 482  226244.7   187128.0   39116.7    153.3    0.4%   38963.4     0     0.00
 483  324571.7   187470.5  137101.1    458.0    0.3%  136643.1     0     0.00
 484  189999.9   186501.3    3498.6     51.1    1.5%    3447.5     0     0.00
 485  193654.2   185995.8    7658.4     64.1    0.8%    7594.4     0     0.00
 486  210911.8   185573.3   25338.5    129.6    0.5%   25208.9     0     0.00
 487  188858.3   185366.1    3492.2     46.4    1.3%    3445.8     0     0.00
 488  188691.4   185199.2    3492.2     46.4    1.3%    3445.8     0     0.00
 489  212510.8   185141.2   27369.6    133.8    0.5%   27235.8     0     0.00
 490  268464.6   185177.0   83287.6    292.2    0.4%   82995.5     0     0.00
 491  214182.6   185145.9   29036.6    137.7    0.5%   28898.9     0     0.00
 492  187984.5   184458.5    3526.0     45.9    1.3%    3480.1     0     0.00
 493  188132.6   184638.2    3494.4     43.9    1.3%    3450.5     0     0.00
 494  186458.1   182963.8    3494.3     43.8    1.3%    3450.5     0     0.00
 495  200538.6   182278.7   18259.9    100.9    0.6%   18159.1     0     0.00
 496  196785.9   180497.0   16288.9     92.8    0.6%   16196.1     0     0.00
 497  187443.0   180488.1    6954.8     56.6    0.8%    6898.2     0     0.00
 498  188344.5   183601.7    4742.8     50.5    1.1%    4692.4     0     0.00
 499  191889.4   184942.0    6947.3     66.2    1.0%    6881.1     0     0.00
 500  191732.4   184788.2    6944.2     63.0    0.9%    6881.2     0     0.00
 501  188446.5   184983.6    3462.9     44.8    1.3%    3418.2     0     0.00
 502  222999.2   184796.0   38203.3    137.5    0.4%   38065.8     0     0.00
 503  217717.1   184707.6   33009.5    124.4    0.4%   32885.1     0     0.00
 504  230223.1   184964.2   45258.9    178.4    0.4%   45080.5     0     0.00
 505  189716.0   184672.8    5043.2     48.7    1.0%    4994.5     0     0.00
 506  240313.3   184406.9   55906.4    214.1    0.4%   55692.3     0     0.00
 507  190923.0   187436.6    3486.4     50.8    1.5%    3435.6     0     0.00
 508  198896.0   187244.9   11651.1     76.4    0.7%   11574.6     0     0.00
 509  190776.7   187285.9    3490.8     44.4    1.3%    3446.4     0     0.00
 510  242795.4   186776.8   56018.6    217.1    0.4%   55801.4     0     0.00
 511  191613.7   188116.2    3497.5     40.5    1.2%    3457.0     0     0.00
 512  198285.1   188988.0    9297.1     64.0    0.7%    9233.2     0     0.00
 513  192279.1   188782.8    3496.3     43.0    1.2%    3453.3     0     0.00
 514  195148.7   188669.6    6479.2     53.5    0.8%    6425.7     0     0.00
 515  240785.4   189086.4   51698.9    198.7    0.4%   51500.2     0     0.00
 516  193261.3   189764.2    3497.1     44.8    1.3%    3452.3     0     0.00
 517  200672.3   189343.2   11329.1     68.3    0.6%   11260.8     0     0.00
 518  191771.9   188277.1    3494.9     42.7    1.2%    3452.1     0     0.00
 519  198960.7   189336.9    9623.8     63.1    0.7%    9560.8     0     0.00
 520  222074.0   189332.6   32741.4    131.9    0.4%   32609.5     0     0.00
 521  222395.0   188421.7   33973.4    135.9    0.4%   33837.5     0     0.00
 522  198849.1   188147.5   10701.6     68.7    0.6%   10632.9     0     0.00
 523  192437.0   188936.1    3500.9     43.1    1.2%    3457.8     0     0.00
 524  213552.0   188869.6   24682.4     81.5    0.3%   24600.9     0     0.00
 525  224358.4   188246.5   36111.8    141.5    0.4%   35970.3     0     0.00
 526  194089.1   189330.9    4758.3     50.9    1.1%    4707.4     0     0.00
 527  209143.7   189185.9   19957.8     71.4    0.4%   19886.3     0     0.00
 528  195514.0   191889.6    3624.4     63.8    1.8%    3560.6     0     0.00
 529  196328.5   192701.7    3626.8     63.0    1.7%    3563.9     0     0.00
 530  195950.1   192323.3    3626.8     62.9    1.7%    3563.9     0     0.00
 531  227808.8   192562.9   35246.0    144.8    0.4%   35101.2     0     0.00
 532  259231.7   192595.5   66636.3    247.2    0.4%   66389.1     0     0.00
 533  259345.8   192579.9   66765.9    248.5    0.4%   66517.5     0     0.00
 534  201862.9   193021.8    8841.1     38.5    0.4%    8802.6     0     0.00
 535  205888.4   201099.3    4789.1     47.0    1.0%    4742.1     0     0.00
 536  252223.1   200109.5   52113.6    220.4    0.4%   51893.2     0     0.00
 537  232281.2   199707.2   32574.0    159.8    0.5%   32414.1     0     0.00
 538  208346.9   199614.2    8732.7     83.7    1.0%    8649.0     0     0.00
 539  203065.9   199414.8    3651.1     41.6    1.1%    3609.5     0     0.00
 540  250589.0   203596.2   46992.9    209.2    0.4%   46783.7     0     0.00
 541  206928.0   203257.3    3670.7     45.9    1.3%    3624.8     0     0.00
 542  251988.2   203685.0   48303.3    213.1    0.4%   48090.2     0     0.00
 543  245780.7   203750.0   42030.8    172.7    0.4%   41858.1     0     0.00
 544  342115.7   203226.6  138889.1    474.5    0.3%  138414.6     0     0.00
 545  206460.1   202765.5    3694.6     61.3    1.7%    3633.3     0     0.00
 546  213889.0   202536.3   11352.7     87.8    0.8%   11264.9     0     0.00
 547  228830.5   205408.9   23421.5    136.1    0.6%   23285.4     0     0.00
 548  209278.8   204905.5    4373.4     68.2    1.6%    4305.2     0     0.00
 549  245423.0   203557.2   41865.8    191.8    0.5%   41674.0     0     0.00
 550  223499.3   203374.5   20124.8    122.8    0.6%   20002.1     0     0.00
 551  205968.1   202437.5    3530.6     64.3    1.8%    3466.3     0     0.00
 552  250003.0   201759.4   48243.6    197.4    0.4%   48046.3     0     0.00
 553  209103.0   200916.8    8186.1     62.4    0.8%    8123.7     0     0.00
 554  222197.9   200451.8   21746.0    111.2    0.5%   21634.9     0     0.00
 555  207314.6   200402.8    6911.7     54.6    0.8%    6857.1     0     0.00
 556  259469.3   200281.9   59187.4    225.6    0.4%   58961.8     0     0.00
 557  203207.9   199667.4    3540.5     43.1    1.2%    3497.4     0     0.00
 558  204644.9   201089.1    3555.8     43.9    1.2%    3511.9     0     0.00
 559  235830.3   200731.2   35099.1    127.5    0.4%   34971.6     0     0.00
 560  205345.2   201763.0    3582.1     42.8    1.2%    3539.3     0     0.00
 561  204468.0   200903.0    3565.0     24.2    0.7%    3540.8     0     0.00
 562  207718.1   204137.6    3580.5     63.4    1.8%    3517.1     0     0.00
 563  207500.3   203858.1    3642.2     62.3    1.7%    3580.0     0     0.00
 564  207475.3   203885.1    3590.2     45.0    1.3%    3545.2     0     0.00
 565  221848.2   204322.8   17525.4     94.1    0.5%   17431.3     0     0.00
 566  216799.9   204471.3   12328.6     76.2    0.6%   12252.5     0     0.00
 567  224685.5   204196.5   20489.0     82.1    0.4%   20406.9     0     0.00
 568  212485.4   203979.4    8506.0     64.5    0.8%    8441.5     0     0.00
 569  206950.5   203445.0    3505.5     43.4    1.2%    3462.1     0     0.00
 570  206940.1   203434.7    3505.4     43.3    1.2%    3462.1     0     0.00
 571  214751.6   206585.6    8166.0     63.1    0.8%    8102.9     0     0.00
 572  229206.4   205125.1   24081.3     91.4    0.4%   23989.9     0     0.00
 573  208192.6   204644.0    3548.5     46.7    1.3%    3501.8     0     0.00
 574  207936.0   204387.5    3548.5     46.6    1.3%    3501.8     0     0.00
 575  208438.8   204886.9    3551.9     46.1    1.3%    3505.8     0     0.00
 576  228997.3   206588.4   22409.0    102.8    0.5%   22306.2     0     0.00
 577  226181.8   206872.2   19309.6     73.8    0.4%   19235.8     0     0.00
 578  253193.9   207121.8   46072.1    158.8    0.3%   45913.3     0     0.00
 579  230220.7   206035.4   24185.2    108.8    0.4%   24076.4     0     0.00
 580  216630.7   205879.9   10750.8     66.3    0.6%   10684.5     0     0.00
 581  220865.0   205875.1   14989.9     58.4    0.4%   14931.5     0     0.00
 582  209456.6   205927.9    3528.8     42.6    1.2%    3486.2     0     0.00
 583  212251.6   208694.3    3557.3     46.4    1.3%    3510.9     0     0.00
 584  217010.2   208464.5    8545.7     40.8    0.5%    8504.9     0     0.00
 585  217496.4   208763.0    8733.4     40.5    0.5%    8692.9     0     0.00
 586  211949.2   208130.9    3818.2     43.9    1.1%    3774.4     0     0.00
 587  211821.8   208297.9    3523.9     42.3    1.2%    3481.6     0     0.00
 588  332330.9   208812.6  123518.3    397.6    0.3%  123120.7     0     0.00
 589  215684.4   211234.5    4449.9     43.6    1.0%    4406.3     0     0.00
 590  237717.3   214837.4   22879.9    131.0    0.6%   22749.0     0     0.00
 591  218484.9   214786.2    3698.7     62.0    1.7%    3636.7     0     0.00
 592  356991.6   216616.3  140375.3    453.2    0.3%  139922.1     0     0.00
 593  240162.1   216484.5   23677.7    131.1    0.6%   23546.5     0     0.00
 594  356483.3   216107.7  140375.6    451.9    0.3%  139923.7     0     0.00
 595  219727.1   216012.1    3715.0     41.4    1.1%    3673.6     0     0.00
 596  249502.9   215231.4   34271.5    139.3    0.4%   34132.2     0     0.00
 597  283789.5   218211.0   65578.4    257.4    0.4%   65321.0     0     0.00
 598  245291.5   218045.1   27246.5    120.7    0.4%   27125.7     0     0.00
 599  250076.7   219005.0   31071.7    132.2    0.4%   30939.4     0     0.00
 600  227399.4   217447.1    9952.4     89.4    0.9%    9863.0     0     0.00
 601  271520.0   216834.7   54685.3    191.7    0.4%   54493.6     0     0.00
 602  274059.4   215941.1   58118.3    206.6    0.4%   57911.7     0     0.00
 603  256900.4   216366.1   40534.2    156.3    0.4%   40377.9     0     0.00
 604  218865.2   215222.0    3643.2     64.7    1.8%    3578.5     0     0.00
 605  219755.2   216198.8    3556.4     47.7    1.3%    3508.6     0     0.00
 606  229629.8   216079.3   13550.6     80.7    0.6%   13469.8     0     0.00
 607  267919.2   216819.6   51099.6    162.3    0.3%   50937.3     0     0.00
 608  245902.6   216337.3   29565.2    104.6    0.4%   29460.7     0     0.00
 609  219111.1   215571.0    3540.1     48.6    1.4%    3491.5     0     0.00
 610  219035.0   215500.6    3534.4     42.4    1.2%    3492.0     0     0.00
 611  218543.3   215008.9    3534.4     42.4    1.2%    3492.0     0     0.00
 612  223401.9   214917.4    8484.4     63.9    0.8%    8420.5     0     0.00
 613  216645.0   213110.8    3534.2     42.3    1.2%    3492.0     0     0.00
 614  285644.1   215212.2   70431.9    230.4    0.3%   70201.6     0     0.00
 615  217578.3   213987.7    3590.6     43.6    1.2%    3547.0     0     0.00
 616  240749.5   214578.8   26170.7     93.9    0.4%   26076.8     0     0.00
 617  265049.1   214115.7   50933.3    161.0    0.3%   50772.3     0     0.00
 618  217559.5   213962.3    3597.2     48.4    1.3%    3548.8     0     0.00
 619  241767.3   213853.7   27913.7     95.2    0.3%   27818.4     0     0.00
 620  217376.9   213781.7    3595.2     45.1    1.3%    3550.1     0     0.00
 621  217301.9   213706.8    3595.1     45.0    1.3%    3550.1     0     0.00
 622  229119.3   213109.5   16009.9     79.5    0.5%   15930.4     0     0.00
 623  217931.4   213214.8    4716.6     47.9    1.0%    4668.7     0     0.00
 624  216082.8   212520.3    3562.5     43.5    1.2%    3518.9     0     0.00
 625  249306.9   212384.3   36922.6    115.9    0.3%   36806.7     0     0.00
 626  222105.7   211780.6   10325.1     62.9    0.6%   10262.1     0     0.00
 627  218211.3   213889.1    4322.2     46.7    1.1%    4275.5     0     0.00
 628  261443.8   214000.3   47443.5    148.8    0.3%   47294.8     0     0.00
 629  238983.1   214211.4   24771.7     81.7    0.3%   24690.0     0     0.00
 630  217519.2   213958.3    3560.9     40.6    1.1%    3520.2     0     0.00
 631  224488.2   213946.8   10541.4     59.0    0.6%   10482.4     0     0.00
 632  232449.0   218324.7   14124.3     51.1    0.4%   14073.1     0     0.00
 633  228167.7   224417.6    3750.1     43.5    1.2%    3706.6     0     0.00
 634  247584.6   227452.5   20132.1     89.1    0.4%   20043.0     0     0.00
 635  231896.2   228167.5    3728.7     43.2    1.2%    3685.6     0     0.00
 636  263811.8   227104.9   36706.9    161.6    0.4%   36545.3     0     0.00
 637  267710.1   230778.9   36931.2    180.3    0.5%   36750.9     0     0.00
 638  258778.1   231870.2   26907.9    106.8    0.4%   26801.1     0     0.00
 639  235005.0   231265.0    3740.0     45.3    1.2%    3694.8     0     0.00
 640  258344.3   232532.9   25811.4    129.9    0.5%   25681.5     0     0.00
 641  239852.0   230904.9    8947.0     57.3    0.6%    8889.8     0     0.00
 642  254103.2   232474.0   21629.2     90.6    0.4%   21538.6     0     0.00
 643  263657.4   232782.4   30875.0    159.3    0.5%   30715.7     0     0.00
 644  250501.3   231909.5   18591.8     78.2    0.4%   18513.6     0     0.00
 645  257905.3   243475.5   14429.8    100.8    0.7%   14329.0     0     0.00
 646  246621.2   242922.1    3699.1     42.1    1.1%    3656.9     0     0.00
 647  248699.2   242875.3    5823.9     47.0    0.8%    5777.0     0     0.00
 648  249921.0   242621.3    7299.6     50.6    0.7%    7249.0     0     0.00
 649  251039.6   242279.4    8760.2     56.6    0.6%    8703.6     0     0.00
 650  296306.8   249339.6   46967.2    192.0    0.4%   46775.1     0     0.00
 651  252966.1   249247.5    3718.6     70.3    1.9%    3648.4     0     0.00
 652  263948.8   249151.2   14797.6    115.5    0.8%   14682.1     0     0.00
 653  318611.4   248297.4   70314.1    252.1    0.4%   70061.9     0     0.00
 654  251698.2   248016.7    3681.4     68.8    1.9%    3612.7     0     0.00
 655  253358.1   249720.8    3637.3     70.5    1.9%    3566.8     0     0.00
 656  271060.4   250588.2   20472.2    113.6    0.6%   20358.7     0     0.00
 657  284600.0   249997.2   34602.8    148.6    0.4%   34454.2     0     0.00
 658  288290.5   249830.8   38459.7    159.2    0.4%   38300.5     0     0.00
 659  252979.9   249414.8    3565.1     66.8    1.9%    3498.3     0     0.00
 660  256045.3   248215.8    7829.5     91.6    1.2%    7737.9     0     0.00
 661  268614.7   245757.4   22857.3    133.9    0.6%   22723.4     0     0.00
 662  249265.0   245701.1    3564.0     67.0    1.9%    3496.9     0     0.00
 663  281773.2   244935.6   36837.6    149.0    0.4%   36688.6     0     0.00
 664  260100.1   244012.0   16088.1     87.2    0.5%   16000.9     0     0.00
 665  261234.0   243824.2   17409.8     73.2    0.4%   17336.6     0     0.00
 666  263674.5   243584.8   20089.7    103.1    0.5%   19986.6     0     0.00
 667  261472.6   243149.0   18323.5     98.5    0.5%   18225.1     0     0.00
 668  252013.7   241891.9   10121.8     73.0    0.7%   10048.8     0     0.00
 669  245510.8   241964.9    3545.8     44.1    1.2%    3501.7     0     0.00
 670  244935.2   241363.4    3571.9     45.6    1.3%    3526.2     0     0.00
 671  244256.2   240684.3    3571.9     43.0    1.2%    3528.9     0     0.00
 672  275280.2   243491.7   31788.5    114.2    0.4%   31674.3     0     0.00
 673  246623.3   243031.8    3591.5     70.0    1.9%    3521.6     0     0.00
 674  246616.9   243025.4    3591.5     69.9    1.9%    3521.6     0     0.00
 675  246713.0   243138.0    3575.0     53.1    1.5%    3521.9     0     0.00
 676  256912.0   242592.6   14319.4     87.4    0.6%   14232.0     0     0.00
 677  281476.1   242595.9   38880.3    137.6    0.4%   38742.6     0     0.00
 678  310375.9   243836.2   66539.8    205.6    0.3%   66334.2     0     0.00
 679  253900.0   243801.4   10098.5     48.0    0.5%   10050.6     0     0.00
 680  249051.0   245450.3    3600.6     43.4    1.2%    3557.2     0     0.00
 681  249069.2   244674.1    4395.1     42.3    1.0%    4352.7     0     0.00
 682  247158.5   243598.5    3559.9     35.2    1.0%    3524.8     0     0.00
 683  261904.8   243644.8   18260.0     64.6    0.4%   18195.4     0     0.00
 684  270732.8   243844.9   26887.9     84.7    0.3%   26803.2     0     0.00
 685  251384.0   242963.0    8421.0     28.1    0.3%    8393.0     0     0.00
 686  257386.1   246274.7   11111.4     53.5    0.5%   11057.9     0     0.00
 687  278181.0   251543.7   26637.2    134.7    0.5%   26502.5     0     0.00
 688  277170.6   251924.0   25246.6    108.8    0.4%   25137.8     0     0.00
 689  256722.6   251876.8    4845.9     70.6    1.5%    4775.3     0     0.00
 690  278726.3   251862.1   26864.2    136.6    0.5%   26727.6     0     0.00
 691  255157.5   251392.7    3764.8     66.2    1.8%    3698.6     0     0.00
 692  391253.6   251160.7  140092.9    449.0    0.3%  139643.9     0     0.00
 693  260049.0   251203.9    8845.1     59.2    0.7%    8785.9     0     0.00
 694  255110.3   251378.8    3731.5     46.2    1.2%    3685.3     0     0.00
 695  259709.7   250872.9    8836.8     55.6    0.6%    8781.1     0     0.00
 696  319016.8   250680.0   68336.8    234.7    0.3%   68102.1     0     0.00
 697  266658.7   252799.0   13859.7     65.5    0.5%   13794.2     0     0.00
 698  284943.4   251463.8   33479.7    146.4    0.4%   33333.2     0     0.00
 699  268290.1   264503.4    3786.7     65.7    1.7%    3721.0     0     0.00
 700  304958.2   264362.6   40595.6    174.7    0.4%   40420.9     0     0.00
 701  268116.8   264330.3    3786.6     65.6    1.7%    3721.0     0     0.00
 702  266752.5   263000.7    3751.8     65.8    1.8%    3686.0     0     0.00
 703  267642.8   263935.2    3707.7     47.8    1.3%    3659.9     0     0.00
 704  303992.7   263756.6   40236.1    169.1    0.4%   40067.0     0     0.00
 705  267339.9   263603.5    3736.4     45.5    1.2%    3690.9     0     0.00
 706  306638.2   263191.0   43447.2    182.7    0.4%   43264.4     0     0.00
 707  298022.9   263024.8   34998.1    124.3    0.4%   34873.8     0     0.00
 708  279958.9   263060.5   16898.4    100.6    0.6%   16797.7     0     0.00
 709  271656.7   262844.3    8812.3     80.4    0.9%    8732.0     0     0.00
 710  402590.1   262580.3  140009.8    450.3    0.3%  139559.5     0     0.00
 711  287733.2   262467.4   25265.8    101.6    0.4%   25164.3     0     0.00
 712  267777.1   263242.8    4534.3     70.2    1.5%    4464.1     0     0.00
 713  309188.3   265551.1   43637.2    184.7    0.4%   43452.5     0     0.00
 714  320658.5   265249.4   55409.1    221.5    0.4%   55187.6     0     0.00
 715  301394.0   264623.0   36771.0    156.3    0.4%   36614.7     0     0.00
 716  281366.2   263942.4   17423.7     81.1    0.5%   17342.6     0     0.00
 717  338944.7   263408.8   75535.9    258.1    0.3%   75277.7     0     0.00
 718  307667.3   262711.7   44955.5    187.6    0.4%   44767.9     0     0.00
 719  266198.5   262566.3    3632.2     64.0    1.8%    3568.2     0     0.00
 720  264809.9   261230.6    3579.3     44.0    1.2%    3535.3     0     0.00
 721  329934.4   261218.5   68715.9    218.0    0.3%   68497.9     0     0.00
 722  277235.5   260597.1   16638.4     57.7    0.3%   16580.7     0     0.00
 723  273176.6   259668.4   13508.2     48.0    0.4%   13460.2     0     0.00
 724  403967.6   263985.9  139981.6    482.5    0.3%  139499.1     0     0.00
 725  268416.6   263960.7    4455.8     64.0    1.4%    4391.9     0     0.00
 726  283317.8   263913.5   19404.3     78.6    0.4%   19325.6     0     0.00
 727  294741.6   263128.2   31613.5    124.8    0.4%   31488.6     0     0.00
 728  270144.7   262812.2    7332.5     51.4    0.7%    7281.2     0     0.00
 729  308246.8   286208.0   22038.8    136.5    0.6%   21902.3     0     0.00
 730  287942.4   284153.5    3789.0     78.4    2.1%    3710.6     0     0.00
 731  327966.1   287176.6   40789.5    162.5    0.4%   40627.0     0     0.00
 732  302494.5   286797.3   15697.2    116.8    0.7%   15580.5     0     0.00
 733  290051.3   286534.8    3516.5     67.8    1.9%    3448.8     0     0.00
 734  321441.3   286501.9   34939.4    148.7    0.4%   34790.7     0     0.00
 735  382461.0   286251.3   96209.8    328.5    0.3%   95881.2     0     0.00
 736  299415.0   285668.3   13746.7    106.9    0.8%   13639.8     0     0.00
 737  329330.7   284600.7   44729.9    195.5    0.4%   44534.5     0     0.00
 738  329754.6   284622.8   45131.8    196.6    0.4%   44935.3     0     0.00
 739  287796.2   284251.6    3544.7     66.5    1.9%    3478.1     0     0.00
 740  321418.9   284169.4   37249.4    152.2    0.4%   37097.2     0     0.00
 741  286942.9   283398.3    3544.6     66.4    1.9%    3478.1     0     0.00
 742  286897.6   283353.1    3544.5     66.4    1.9%    3478.1     0     0.00
 743  346042.5   283338.5   62704.1    234.1    0.4%   62469.9     0     0.00
 744  290541.6   283094.4    7447.2     82.4    1.1%    7364.7     0     0.00
 745  304976.6   282432.7   22543.9    132.0    0.6%   22411.9     0     0.00
 746  296413.6   282660.5   13753.1     81.3    0.6%   13671.8     0     0.00
 747  286108.8   282625.7    3483.1     40.3    1.2%    3442.8     0     0.00
 748  294254.5   282092.7   12161.8     70.8    0.6%   12091.0     0     0.00
 749  285590.3   282104.5    3485.8     45.0    1.3%    3440.9     0     0.00
 750  290095.7   283109.2    6986.5     60.4    0.9%    6926.1     0     0.00
 751  286535.4   283053.4    3482.1     46.9    1.3%    3435.1     0     0.00
 752  320579.0   282777.9   37801.1    126.5    0.3%   37674.6     0     0.00
 753  319856.1   282671.3   37184.7    122.4    0.3%   37062.3     0     0.00
 754  289607.9   282617.8    6990.0     56.7    0.8%    6933.4     0     0.00
 755  286744.3   283257.6    3486.7     45.2    1.3%    3441.5     0     0.00
 756  286698.2   283211.8    3486.4     42.9    1.2%    3443.4     0     0.00
 757  285965.3   282480.2    3485.1     41.3    1.2%    3443.8     0     0.00
 758  284431.4   280946.0    3485.3     41.3    1.2%    3444.1     0     0.00
 759  316889.0   280509.0   36380.0    116.7    0.3%   36263.3     0     0.00
 760  287548.6   284038.1    3510.5     45.3    1.3%    3465.2     0     0.00
 761  288215.6   284709.7    3506.0     43.5    1.2%    3462.5     0     0.00
 762  288012.5   284475.0    3537.5     43.5    1.2%    3494.0     0     0.00
 763  292244.9   283893.6    8351.3     59.5    0.7%    8291.7     0     0.00
 764  286757.3   283257.3    3499.9     47.6    1.4%    3452.3     0     0.00
 765  312256.8   282423.1   29833.6     93.5    0.3%   29740.1     0     0.00
 766  290206.8   281820.2    8386.6     55.8    0.7%    8330.8     0     0.00
 767  304315.3   281438.5   22876.8     77.1    0.3%   22799.7     0     0.00
 768  290689.1   280302.0   10387.1     62.4    0.6%   10324.8     0     0.00
 769  317863.4   279410.8   38452.6    127.8    0.3%   38324.8     0     0.00
 770  303370.2   279240.4   24129.9     79.6    0.3%   24050.3     0     0.00
 771  290227.5   281094.6    9132.9     61.5    0.7%    9071.4     0     0.00
 772  354999.4   281057.6   73941.8    229.4    0.3%   73712.4     0     0.00
 773  284229.6   280725.3    3504.3     41.0    1.2%    3463.3     0     0.00
 774  284634.7   281124.8    3509.9     40.9    1.2%    3469.0     0     0.00
 775  326037.9   286762.6   39275.2    146.1    0.4%   39129.2     0     0.00
 776  297056.2   288165.0    8891.2     75.5    0.8%    8815.8     0     0.00
 777  349958.5   288142.9   61815.6    212.7    0.3%   61602.9     0     0.00
 778  291070.6   287488.4    3582.2     46.0    1.3%    3536.1     0     0.00
 779  325637.3   287410.9   38226.3    126.7    0.3%   38099.6     0     0.00
 780  308574.5   287290.1   21284.4     92.7    0.4%   21191.7     0     0.00
 781  290871.9   287247.5    3624.4     42.0    1.2%    3582.3     0     0.00
 782  313948.8   305171.5    8777.3     87.9    1.0%    8689.4     0     0.00
 783  350127.5   304974.7   45152.8    173.1    0.4%   44979.8     0     0.00
 784  314614.6   304835.8    9778.8     88.6    0.9%    9690.2     0     0.00
 785  308176.0   304524.6    3651.5     65.7    1.8%    3585.7     0     0.00
 786  375622.6   304286.7   71335.9    278.5    0.4%   71057.4     0     0.00
 787  322982.5   304238.8   18743.7     92.5    0.5%   18651.2     0     0.00
 788  310134.1   302974.5    7159.6     80.0    1.1%    7079.6     0     0.00
 789  369027.4   302813.8   66213.6    254.7    0.4%   65959.0     0     0.00
 790  306235.0   302616.4    3618.6     66.8    1.8%    3551.8     0     0.00
 791  306199.1   302580.6    3618.5     66.7    1.8%    3551.8     0     0.00
 792  319207.6   301112.3   18095.2     86.9    0.5%   18008.4     0     0.00
 793  322429.7   300852.2   21577.5    105.1    0.5%   21472.4     0     0.00
 794  303239.8   299635.2    3604.6     65.7    1.8%    3539.0     0     0.00
 795  306830.9   298320.8    8510.0     78.8    0.9%    8431.2     0     0.00
 796  300176.8   296572.2    3604.5     65.6    1.8%    3539.0     0     0.00
 797  307592.1   298297.8    9294.2     46.0    0.5%    9248.2     0     0.00
 798  332830.9   297405.7   35425.2    117.1    0.3%   35308.0     0     0.00
 799  304865.9   296127.5    8738.4     60.2    0.7%    8678.2     0     0.00
 800  299196.4   295319.2    3877.2     47.2    1.2%    3830.0     0     0.00
 801  317615.1   295281.8   22333.3     84.3    0.4%   22249.0     0     0.00
 802  298582.8   295012.2    3570.6     42.2    1.2%    3528.4     0     0.00
 803  322423.7   294649.0   27774.7     96.3    0.3%   27678.4     0     0.00
 804  295775.0   292202.8    3572.2     42.9    1.2%    3529.3     0     0.00
 805  309253.1   291963.6   17289.5     67.0    0.4%   17222.6     0     0.00
 806  303847.4   295590.7    8256.8     54.8    0.7%    8202.0     0     0.00
 807  326277.0   294903.5   31373.5    119.9    0.4%   31253.6     0     0.00
 808  298456.5   294681.0    3775.5     61.0    1.6%    3714.4     0     0.00
 809  297625.3   293893.1    3732.2     26.8    0.7%    3705.4     0     0.00
 810  300476.5   296770.3    3706.2     42.8    1.2%    3663.4     0     0.00
 811  306323.6   302603.6    3720.0     53.4    1.4%    3666.6     0     0.00
 812  310984.7   302326.4    8658.3     64.9    0.7%    8593.4     0     0.00
 813  357526.2   300550.9   56975.3    236.8    0.4%   56738.5     0     0.00
 814  308102.5   300547.5    7555.1     59.8    0.8%    7495.3     0     0.00
 815  314784.0   300458.5   14325.6     75.4    0.5%   14250.1     0     0.00
 816  348402.3   300413.4   47988.9    199.1    0.4%   47789.8     0     0.00
 817  346249.2   301693.6   44555.6    183.1    0.4%   44372.5     0     0.00
 818  319911.1   301317.6   18593.5     79.5    0.4%   18514.1     0     0.00
 819  338286.0   300610.0   37676.0    133.7    0.4%   37542.3     0     0.00
 820  304238.4   300543.4    3695.0     43.7    1.2%    3651.3     0     0.00
 821  334968.8   301065.7   33903.1    120.7    0.4%   33782.4     0     0.00
 822  303907.9   300208.1    3699.8     43.2    1.2%    3656.6     0     0.00
 823  344977.1   305361.4   39615.6    172.0    0.4%   39443.6     0     0.00
 824  341075.7   317764.1   23311.6    128.5    0.6%   23183.1     0     0.00
 825  321055.5   317368.6    3686.9     43.8    1.2%    3643.1     0     0.00
 826  325775.3   317213.0    8562.4     59.3    0.7%    8503.1     0     0.00
 827  335612.0   317159.7   18452.3     83.1    0.5%   18369.2     0     0.00
 828  340043.4   317004.3   23039.2    124.7    0.5%   22914.5     0     0.00
 829  320228.4   316541.5    3686.9     44.0    1.2%    3642.8     0     0.00
 830  319886.6   316200.1    3686.4     43.8    1.2%    3642.7     0     0.00
 831  336107.7   316159.8   19947.9     89.9    0.5%   19858.0     0     0.00
 832  339504.7   316160.1   23344.6    130.1    0.6%   23214.5     0     0.00
 833  326275.7   317425.7    8849.9     59.5    0.7%    8790.4     0     0.00
 834  327039.5   318412.4    8627.1     58.1    0.7%    8568.9     0     0.00
 835  322048.4   318316.9    3731.5     63.9    1.7%    3667.6     0     0.00
 836  321791.5   318081.0    3710.5     44.5    1.2%    3666.0     0     0.00
 837  381831.3   318140.1   63691.2    224.2    0.4%   63467.0     0     0.00
 838  339554.5   319512.5   20042.0    115.8    0.6%   19926.3     0     0.00
 839  322291.0   318572.5    3718.5     44.1    1.2%    3674.4     0     0.00
 840  366699.9   317988.7   48711.3    206.4    0.4%   48504.9     0     0.00
 841  329084.2   320200.7    8883.5     55.1    0.6%    8828.4     0     0.00
 842  328880.3   325100.3    3780.0     43.1    1.1%    3736.8     0     0.00
 843  333485.5   324643.1    8842.4     90.5    1.0%    8751.9     0     0.00
 844  328914.6   323639.6    5275.0     49.8    0.9%    5225.2     0     0.00
 845  326269.0   322523.9    3745.0     42.9    1.1%    3702.1     0     0.00
 846  330611.4   326094.5    4516.9     75.5    1.7%    4441.4     0     0.00
 847  330050.3   325533.4    4516.9     75.4    1.7%    4441.4     0     0.00
 848  372690.6   325173.1   47517.5    182.2    0.4%   47335.3     0     0.00
 849  333526.5   323726.8    9799.7     97.5    1.0%    9702.2     0     0.00
 850  374644.9   323867.7   50777.1    213.6    0.4%   50563.5     0     0.00
 851  372930.1   323256.3   49673.8    188.1    0.4%   49485.7     0     0.00
 852  378004.5   322934.9   55069.6    226.5    0.4%   54843.1     0     0.00
 853  337493.4   319818.2   17675.3    126.0    0.7%   17549.3     0     0.00
 854  458371.7   319911.5  138460.2    450.3    0.3%  138009.9     0     0.00
 855  417098.4   319870.9   97227.4    339.8    0.3%   96887.6     0     0.00
 856  361242.0   319184.6   42057.4    163.8    0.4%   41893.6     0     0.00
 857  322107.1   318447.3    3659.8     76.2    2.1%    3583.6     0     0.00
 858  339100.7   318085.6   21015.1    132.1    0.6%   20883.0     0     0.00
 859  332823.4   317753.2   15070.2    111.9    0.7%   14958.4     0     0.00
 860  391121.8   317495.5   73626.3    284.2    0.4%   73342.1     0     0.00
 861  363654.8   316423.6   47231.2    174.7    0.4%   47056.5     0     0.00
 862  381391.1   315628.8   65762.3    258.5    0.4%   65503.8     0     0.00
 863  321783.6   318165.9    3617.7     46.8    1.3%    3570.9     0     0.00
 864  321798.6   318185.9    3612.6     42.3    1.2%    3570.3     0     0.00
 865  369678.6   317333.0   52345.6    188.0    0.4%   52157.6     0     0.00
 866  324653.1   317065.3    7587.8     52.9    0.7%    7534.9     0     0.00
 867  338961.9   317058.5   21903.5    101.4    0.5%   21802.1     0     0.00
 868  357421.1   319121.2   38299.9    127.8    0.3%   38172.1     0     0.00
 869  361944.5   319030.9   42913.6    140.9    0.3%   42772.7     0     0.00
 870  323575.8   319063.5    4512.3     50.4    1.1%    4461.9     0     0.00
 871  323007.9   319000.5    4007.4     49.2    1.2%    3958.2     0     0.00
 872  355338.0   318821.5   36516.5    121.6    0.3%   36395.0     0     0.00
 873  361658.0   317765.5   43892.5    143.5    0.3%   43749.0     0     0.00
 874  321421.5   317678.2    3743.3     46.3    1.2%    3697.0     0     0.00
 875  319654.5   315944.8    3709.7     46.1    1.2%    3663.6     0     0.00
 876  337298.0   315688.2   21609.7    103.2    0.5%   21506.5     0     0.00
 877  318937.6   315261.4    3676.2     44.8    1.2%    3631.4     0     0.00
 878  324150.9   315060.8    9090.1     68.3    0.8%    9021.8     0     0.00
 879  346320.9   314689.5   31631.4    125.1    0.4%   31506.4     0     0.00
 880  334588.8   314335.2   20253.6     98.5    0.5%   20155.2     0     0.00
 881  351578.6   313477.0   38101.6    119.5    0.3%   37982.1     0     0.00
 882  357636.4   315524.2   42112.3    154.6    0.4%   41957.7     0     0.00
 883  319325.1   315465.6    3859.5     50.2    1.3%    3809.4     0     0.00
 884  364462.2   315236.8   49225.4    176.9    0.4%   49048.5     0     0.00
 885  319010.6   315090.7    3919.9     45.4    1.2%    3874.6     0     0.00
 886  318830.9   314911.0    3919.9     45.3    1.2%    3874.6     0     0.00
 887  319819.6   314554.1    5265.5     52.8    1.0%    5212.7     0     0.00
 888  317998.0   314115.4    3882.6     44.6    1.1%    3838.1     0     0.00
 889  326357.9   313780.9   12576.9     69.9    0.6%   12507.0     0     0.00
 890  322056.5   311968.0   10088.5     63.6    0.6%   10024.9     0     0.00
 891  368969.1   311875.4   57093.7    198.1    0.3%   56895.6     0     0.00
 892  393576.3   311372.1   82204.2    276.9    0.3%   81927.3     0     0.00
 893  312694.2   308768.4    3925.9     42.6    1.1%    3883.2     0     0.00
 894  312061.7   308136.3    3925.3     45.6    1.2%    3879.7     0     0.00
 895  311578.2   307685.4    3892.8     42.6    1.1%    3850.2     0     0.00
 896  311347.9   307455.2    3892.8     42.6    1.1%    3850.2     0     0.00
 897  368895.7   311186.5   57709.2    204.5    0.4%   57504.6     0     0.00
 898  313380.1   309843.7    3536.4     43.9    1.2%    3492.5     0     0.00
 899  312250.9   308714.5    3536.4     43.9    1.2%    3492.5     0     0.00
 900  318342.4   308590.3    9752.1     56.2    0.6%    9695.9     0     0.00
 901  376864.5   307446.1   69418.4    217.0    0.3%   69201.5     0     0.00
 902  335037.2   306637.0   28400.2     82.3    0.3%   28317.9     0     0.00
 903  346508.1   336777.9    9730.2     89.6    0.9%    9640.6     0     0.00
 904  356442.7   337544.5   18898.2     99.3    0.5%   18798.9     0     0.00
 905  349917.1   337230.2   12686.9     99.5    0.8%   12587.4     0     0.00
 906  342048.4   336436.0    5612.5     74.4    1.3%    5538.1     0     0.00
 907  339804.9   336238.3    3566.6     66.7    1.9%    3499.9     0     0.00
 908  365532.6   336079.4   29453.2    148.4    0.5%   29304.9     0     0.00
 909  346980.4   335786.0   11194.4     90.3    0.8%   11104.1     0     0.00
 910  339193.7   335648.0    3545.7     63.6    1.8%    3482.1     0     0.00
 911  381920.9   335378.3   46542.6    180.1    0.4%   46362.6     0     0.00
 912  338859.7   335316.0    3543.7     62.5    1.8%    3481.2     0     0.00
 913  338641.6   335097.9    3543.7     62.5    1.8%    3481.2     0     0.00
 914  341919.6   335773.5    6146.1     73.0    1.2%    6073.1     0     0.00
 915  348862.8   335763.6   13099.2     95.7    0.7%   13003.4     0     0.00
 916  339276.2   335758.7    3517.5     44.1    1.3%    3473.4     0     0.00
 917  339125.1   335607.6    3517.5     44.1    1.3%    3473.4     0     0.00
 918  338115.9   334630.2    3485.7     44.3    1.3%    3441.4     0     0.00
 919  337704.0   334221.2    3482.8     41.3    1.2%    3441.5     0     0.00
 920  340333.4   336812.1    3521.3     63.9    1.8%    3457.4     0     0.00
 921  406616.5   333767.7   72848.8    255.2    0.4%   72593.6     0     0.00
 922  347934.1   333618.1   14316.0     96.3    0.7%   14219.7     0     0.00
 923  364536.8   334064.2   30472.7    132.1    0.4%   30340.6     0     0.00
 924  336905.4   333390.0    3515.4     63.4    1.8%    3452.0     0     0.00
 925  361373.1   332803.4   28569.8    147.3    0.5%   28422.4     0     0.00
 926  336034.0   332518.7    3515.3     63.3    1.8%    3452.0     0     0.00
 927  341343.5   332916.4    8427.1     63.0    0.7%    8364.1     0     0.00
 928  384879.8   332583.9   52296.0    174.2    0.3%   52121.7     0     0.00
 929  335416.4   331955.9    3460.5     46.9    1.4%    3413.6     0     0.00
 930  335818.5   332354.2    3464.3     44.5    1.3%    3419.8     0     0.00
 931  344491.1   330575.6   13915.5     77.0    0.6%   13838.5     0     0.00
 932  333441.8   329978.5    3463.3     43.5    1.3%    3419.9     0     0.00
 933  350866.6   330829.1   20037.5     96.3    0.5%   19941.1     0     0.00
 934  335063.5   331524.7    3538.9     44.6    1.3%    3494.3     0     0.00
 935  388838.3   329858.4   58979.8    187.2    0.3%   58792.7     0     0.00
 936  333267.1   329731.3    3535.8     41.6    1.2%    3494.2     0     0.00
 937  336451.9   332880.9    3571.0     61.7    1.7%    3509.3     0     0.00
 938  353257.0   332736.9   20520.2     97.3    0.5%   20422.9     0     0.00
 939  342333.2   332410.4    9922.8     81.1    0.8%    9841.7     0     0.00
 940  340812.4   330889.7    9922.8     81.1    0.8%    9841.7     0     0.00
 941  388266.7   331105.0   57161.6    186.8    0.3%   56974.8     0     0.00
 942  380562.6   330627.6   49935.0    160.8    0.3%   49774.1     0     0.00
 943  387749.3   329763.6   57985.7    205.5    0.4%   57780.2     0     0.00
 944  373110.5   334567.2   38543.3    149.1    0.4%   38394.1     0     0.00
 945  378624.8   335420.7   43204.2    158.9    0.4%   43045.2     0     0.00
 946  459968.2   332718.4  127249.8    340.9    0.3%  126908.9     0     0.00
 947  359341.3   332322.7   27018.6    115.5    0.4%   26903.1     0     0.00
 948  399156.3   333076.3   66080.0    205.5    0.3%   65874.5     0     0.00
 949  336370.1   332863.3    3506.9     50.9    1.5%    3456.0     0     0.00
 950  340217.9   331404.8    8813.1     63.0    0.7%    8750.1     0     0.00
 951  341008.0   331661.3    9346.7     43.8    0.5%    9302.8     0     0.00
 952  339904.0   331607.5    8296.6     58.0    0.7%    8238.6     0     0.00
 953  341053.5   333846.7    7206.8     51.4    0.7%    7155.4     0     0.00
 954  398721.3   334180.7   64540.5    197.5    0.3%   64343.1     0     0.00
 955  337218.5   333625.6    3592.9     46.7    1.3%    3546.2     0     0.00
 956  339509.0   333560.6    5948.4     51.7    0.9%    5896.7     0     0.00
 957  353762.9   333442.9   20320.0     75.8    0.4%   20244.2     0     0.00
 958  342069.4   338343.7    3725.8     67.6    1.8%    3658.1     0     0.00
 959  372549.1   339084.4   33464.7    128.3    0.4%   33336.5     0     0.00
 960  383197.8   338328.1   44869.7    165.3    0.4%   44704.4     0     0.00
 961  342111.1   338437.7    3673.4     45.7    1.2%    3627.7     0     0.00
 962  342164.4   337700.4    4464.0     69.4    1.6%    4394.6     0     0.00
 963  367249.2   338410.9   28838.3    111.2    0.4%   28727.0     0     0.00
 964  354480.7   340294.7   14186.1     94.4    0.7%   14091.7     0     0.00
 965  388509.1   341047.6   47461.5    164.1    0.3%   47297.4     0     0.00
 966  346975.8   340535.5    6440.2     67.1    1.0%    6373.2     0     0.00
 967  369178.3   340391.5   28786.8    106.9    0.4%   28679.9     0     0.00
 968  372288.2   340039.5   32248.7    118.1    0.4%   32130.7     0     0.00
 969  393771.1   338860.3   54910.7    175.7    0.3%   54735.0     0     0.00
 970  359974.0   349098.3   10875.8     62.3    0.6%   10813.4     0     0.00
 971  404005.0   348203.6   55801.4    172.3    0.3%   55629.1     0     0.00
 972  365302.7   349821.4   15481.3     72.1    0.5%   15409.2     0     0.00
 973  393645.7   349575.3   44070.3    147.2    0.3%   43923.1     0     0.00
 974  352222.2   348399.0    3823.2     63.7    1.7%    3759.5     0     0.00
 975  398540.9   348343.0   50197.9    136.2    0.3%   50061.7     0     0.00
 976  407347.1   361647.8   45699.3    144.4    0.3%   45554.9     0     0.00
 977  365082.9   361380.9    3702.0     46.7    1.3%    3655.4     0     0.00
 978  369205.9   360425.9    8780.1     82.5    0.9%    8697.6     0     0.00
 979  378563.4   358007.6   20555.8     93.5    0.5%   20462.2     0     0.00
 980  375854.3   360165.7   15688.6     81.8    0.5%   15606.7     0     0.00
 981  363529.7   359827.9    3701.7     46.1    1.2%    3655.6     0     0.00
 982  363020.5   359318.1    3702.4     47.0    1.3%    3655.4     0     0.00
 983  365832.0   358959.2    6872.8     76.6    1.1%    6796.3     0     0.00
 984  365374.6   360929.2    4445.4     70.0    1.6%    4375.4     0     0.00
 985  364662.3   360216.9    4445.4     70.0    1.6%    4375.4     0     0.00
 986  363719.3   360047.3    3672.0     66.1    1.8%    3605.8     0     0.00
 987  366001.3   361013.4    4987.9     71.6    1.4%    4916.3     0     0.00
 988  402802.5   361042.1   41760.4    126.6    0.3%   41633.8     0     0.00
 989  396940.5   359096.9   37843.6    118.7    0.3%   37724.9     0     0.00
 990  445299.1   358731.6   86567.5    209.6    0.2%   86357.9     0     0.00
 991  411660.1   357466.8   54193.3    146.7    0.3%   54046.7     0     0.00
 992  363093.8   355737.6    7356.2     54.6    0.7%    7301.6     0     0.00
 993  359215.7   355581.3    3634.3     64.1    1.8%    3570.2     0     0.00
 994  402805.0   356179.4   46625.6    113.9    0.2%   46511.8     0     0.00
 995  366268.7   355891.2   10377.6     43.3    0.4%   10334.3     0     0.00
 996  359856.8   356117.3    3739.5     46.6    1.2%    3693.0     0     0.00
 997  358933.0   355193.5    3739.5     46.5    1.2%    3693.0     0     0.00
 998  363582.0   355763.7    7818.2     36.3    0.5%    7782.0     0     0.00
 999  360469.4   355942.2    4527.2     27.8    0.6%    4499.4     0     0.00

明细已导出：data_analysis\qwen3-8B\dataset2\summary_171102.csv
