共 1000 条请求，成功 1000，失败 0

===== 汇总（仅成功请求） =====
  latency（端到端）                 n=1000 mean=210704.00ms  p50=225131.01  p90=355892.36  p99=413059.53  min=  2982.39  max=483279.65
  P端prefill+网络（推算）             n=1000 mean=188228.19ms  p50=203910.28  p90=338484.29  p99=363902.44  min=    50.50  max=366890.96
  D端总耗时（排队+decode）             n=1000 mean= 22475.81ms  p50= 10639.44  p90= 52770.98  p99=139136.02  min=  2837.35  max=140653.88
  D端排队+调度（推算）                  n=1000 mean=   106.32ms  p50=    75.85  p90=   200.39  p99=   445.49  min=    12.48  max=   480.03
  D端排队占比                       n=1000 mean=     0.82%  p50=     0.65  p90=     1.43  p99=     1.89  min=     0.24  max=     2.02
  D端GPU decode（纯算）             n=1000 mean= 22369.49ms  p50= 10571.88  p90= 52609.66  p99=138692.23  min=  2824.87  max=140199.28
  轮均GPU耗时                      无数据

===== 逐轮 GPU forward 耗时分布（所有请求合并） =====
  每轮 forward                   无数据

===== 逐请求明细 =====
 idx   latency     P端(推算)       D端总       排队     排队%       GPU    轮数       轮均
   0   24178.6      503.6   23675.0    118.2    0.5%   23556.8     0     0.00
   1    3272.3      435.0    2837.4     12.5    0.4%    2824.9     0     0.00
   2    7040.7       69.5    6971.2     54.6    0.8%    6916.6     0     0.00
   3    2992.2       80.3    2911.9     38.1    1.3%    2873.8     0     0.00
   4    2982.4       64.2    2918.2     37.4    1.3%    2880.8     0     0.00
   5   29045.7       68.8   28976.9    168.7    0.6%   28808.2     0     0.00
   6   52464.3       60.5   52403.8    222.0    0.4%   52181.8     0     0.00
   7   21563.2       59.4   21503.8    134.9    0.6%   21368.9     0     0.00
   8   36351.9       76.0   36275.9    191.8    0.5%   36084.1     0     0.00
   9    8359.4       77.3    8282.1     61.3    0.7%    8220.8     0     0.00
  10    7257.7       92.9    7164.7     53.8    0.8%    7111.0     0     0.00
  11   59208.6       75.6   59132.9    264.0    0.4%   58868.9     0     0.00
  12   19352.9       65.5   19287.4    127.1    0.7%   19160.3     0     0.00
  13   18513.1       66.6   18446.5    125.0    0.7%   18321.6     0     0.00
  14    3101.0       64.9    3036.1     39.5    1.3%    2996.6     0     0.00
  15    7887.0       74.8    7812.1     81.2    1.0%    7730.9     0     0.00
  16   17330.6       89.5   17241.1    118.9    0.7%   17122.2     0     0.00
  17   33554.0       74.8   33479.1    180.7    0.5%   33298.4     0     0.00
  18   29329.7       77.4   29252.3    164.7    0.6%   29087.6     0     0.00
  19    3235.6       73.8    3161.8     43.4    1.4%    3118.5     0     0.00
  20    3250.2       88.7    3161.4     42.1    1.3%    3119.3     0     0.00
  21   49461.0       78.3   49382.7    228.8    0.5%   49153.9     0     0.00
  22   47287.3       92.5   47194.8    203.2    0.4%   46991.7     0     0.00
  23   31163.1       94.7   31068.4    173.6    0.6%   30894.8     0     0.00
  24   69394.2       90.5   69303.6    307.9    0.4%   68995.7     0     0.00
  25   59956.1       85.5   59870.6    270.9    0.5%   59599.7     0     0.00
  26    3278.8       74.8    3204.1     64.7    2.0%    3139.3     0     0.00
  27    8322.7       90.2    8232.5     83.3    1.0%    8149.2     0     0.00
  28    6602.6       83.5    6519.1     74.3    1.1%    6444.8     0     0.00
  29   54836.4       90.4   54745.9    248.2    0.5%   54497.7     0     0.00
  30   34472.2       70.0   34402.2    178.3    0.5%   34223.9     0     0.00
  31    3996.0       87.5    3908.5     64.4    1.6%    3844.1     0     0.00
  32    3303.5       74.4    3229.1     62.0    1.9%    3167.1     0     0.00
  33   34495.0       73.2   34421.8    177.2    0.5%   34244.6     0     0.00
  34   51515.1       86.2   51428.9    213.8    0.4%   51215.1     0     0.00
  35    5195.1       96.3    5098.7     48.9    1.0%    5049.8     0     0.00
  36   29516.2       87.4   29428.7    143.0    0.5%   29285.7     0     0.00
  37   44512.1       80.9   44431.2    187.0    0.4%   44244.1     0     0.00
  38    8307.2       81.2    8226.0     61.1    0.7%    8164.8     0     0.00
  39    4048.0       66.8    3981.2     44.3    1.1%    3936.9     0     0.00
  40    6552.2       82.0    6470.2     53.1    0.8%    6417.1     0     0.00
  41   47727.7       86.2   47641.4    199.1    0.4%   47442.4     0     0.00
  42   11007.8       91.3   10916.6     76.2    0.7%   10840.3     0     0.00
  43    6671.5       86.4    6585.1     56.3    0.9%    6528.8     0     0.00
  44   25901.2       93.3   25807.9    126.4    0.5%   25681.5     0     0.00
  45    3383.3       87.9    3295.4     42.4    1.3%    3253.0     0     0.00
  46   37803.0       70.2   37732.8    143.4    0.4%   37589.4     0     0.00
  47    3405.7       91.5    3314.2     43.8    1.3%    3270.5     0     0.00
  48    3404.4       92.5    3311.9     44.0    1.3%    3267.9     0     0.00
  49    3399.5       69.6    3329.9     44.0    1.3%    3285.9     0     0.00
  50   58238.6       69.8   58168.8    241.7    0.4%   57927.1     0     0.00
  51    3409.3       78.6    3330.8     44.4    1.3%    3286.4     0     0.00
  52  136380.6       99.2  136281.4    446.3    0.3%  135835.1     0     0.00
  53    3439.7       89.2    3350.5     45.0    1.3%    3305.4     0     0.00
  54    3947.3       91.1    3856.2     50.7    1.3%    3805.5     0     0.00
  55    3405.4       52.8    3352.5     47.9    1.4%    3304.6     0     0.00
  56   18326.8       99.4   18227.4     96.6    0.5%   18130.8     0     0.00
  57    3448.0       82.5    3365.5     46.5    1.4%    3318.9     0     0.00
  58    3466.2       96.4    3369.8     46.8    1.4%    3323.0     0     0.00
  59    8295.5      100.0    8195.5     61.7    0.8%    8133.8     0     0.00
  60    6908.0       80.5    6827.4     57.3    0.8%    6770.1     0     0.00
  61    3472.6       80.2    3392.4     46.9    1.4%    3345.5     0     0.00
  62   23466.5       85.9   23380.6    108.6    0.5%   23272.0     0     0.00
  63   28533.5       72.5   28461.0    105.5    0.4%   28355.4     0     0.00
  64   43565.1      141.5   43423.6    184.6    0.4%   43239.0     0     0.00
  65    3508.7       96.0    3412.7     44.9    1.3%    3367.8     0     0.00
  66    3506.4       90.2    3416.2     44.0    1.3%    3372.2     0     0.00
  67   37435.1       50.5   37384.6    156.3    0.4%   37228.3     0     0.00
  68    3518.3       83.3    3435.0     42.6    1.2%    3392.4     0     0.00
  69    3534.1       92.6    3441.5     41.6    1.2%    3399.9     0     0.00
  70    7110.7       96.9    7013.8     50.6    0.7%    6963.2     0     0.00
  71   23427.4     7773.1   15654.3     78.7    0.5%   15575.6     0     0.00
  72   20315.7     8030.7   12285.0     67.7    0.6%   12217.3     0     0.00
  73   11534.6     8007.2    3527.4     60.0    1.7%    3467.4     0     0.00
  74   48439.6     7398.8   41040.7    192.4    0.5%   40848.3     0     0.00
  75   11657.6     8017.0    3640.6     43.9    1.2%    3596.7     0     0.00
  76   14770.1     7565.2    7204.9     55.4    0.8%    7149.6     0     0.00
  77   27836.0     9552.7   18283.3    108.0    0.6%   18175.3     0     0.00
  78   46122.2     9459.4   36662.8    182.5    0.5%   36480.3     0     0.00
  79   36250.7    10968.3   25282.4    140.4    0.6%   25142.0     0     0.00
  80   32189.1     8957.6   23231.5    130.9    0.6%   23100.6     0     0.00
  81   12078.2     8580.7    3497.5     42.4    1.2%    3455.1     0     0.00
  82   15034.5     8227.3    6807.2     32.3    0.5%    6775.0     0     0.00
  83   29829.0    14654.0   15175.0    108.9    0.7%   15066.1     0     0.00
  84   18155.1    14554.1    3601.0     62.3    1.7%    3538.6     0     0.00
  85   44339.2    15088.1   29251.0    162.3    0.6%   29088.8     0     0.00
  86   18373.9    14826.0    3547.9     66.0    1.9%    3481.9     0     0.00
  87   31285.5    14396.0   16889.5    120.1    0.7%   16769.4     0     0.00
  88   24417.7    14716.3    9701.4     88.8    0.9%    9612.6     0     0.00
  89   48638.3    15020.8   33617.5    176.2    0.5%   33441.3     0     0.00
  90   51965.3    14625.1   37340.1    184.9    0.5%   37155.2     0     0.00
  91  151117.1    13103.3  138013.8    438.7    0.3%  137575.0     0     0.00
  92   51151.1    13503.3   37647.7    149.4    0.4%   37498.3     0     0.00
  93   39148.0    12957.1   26190.9    149.3    0.6%   26041.6     0     0.00
  94   15593.9    12099.3    3494.6     61.0    1.7%    3433.6     0     0.00
  95   71831.2    11162.3   60668.8    209.4    0.3%   60459.4     0     0.00
  96   17072.0    10680.9    6391.1     49.8    0.8%    6341.3     0     0.00
  97   26297.7     9819.9   16477.8     97.7    0.6%   16380.1     0     0.00
  98   61692.1     9455.7   52236.3    178.5    0.3%   52057.9     0     0.00
  99   22065.7    13822.7    8243.0     69.4    0.8%    8173.6     0     0.00
 100   72326.6    14415.5   57911.1    199.3    0.3%   57711.7     0     0.00
 101   33120.4    14420.7   18699.8    107.0    0.6%   18592.8     0     0.00
 102   17597.2    14141.3    3456.0     45.8    1.3%    3410.1     0     0.00
 103   53350.2    13750.8   39599.4    142.9    0.4%   39456.5     0     0.00
 104   17127.3    13673.2    3454.1     44.2    1.3%    3409.9     0     0.00
 105   16809.5    13355.8    3453.6     43.8    1.3%    3409.8     0     0.00
 106   77679.3    13023.9   64655.4    240.3    0.4%   64415.1     0     0.00
 107   21122.4    14210.5    6911.9     62.2    0.9%    6849.7     0     0.00
 108   72065.0    14033.1   58031.9    214.0    0.4%   57818.0     0     0.00
 109   18061.9    14603.5    3458.5     45.5    1.3%    3413.0     0     0.00
 110   32504.0    14114.3   18389.8    103.2    0.6%   18286.6     0     0.00
 111   18219.6    14760.1    3459.6     46.4    1.3%    3413.2     0     0.00
 112   17944.7    14486.5    3458.2     45.3    1.3%    3412.9     0     0.00
 113   19082.7    15625.9    3456.8     47.4    1.4%    3409.4     0     0.00
 114   22418.2    15497.2    6921.1     61.1    0.9%    6859.9     0     0.00
 115   35708.8    16517.2   19191.5    102.9    0.5%   19088.6     0     0.00
 116   69056.5    16080.0   52976.5    175.7    0.3%   52800.8     0     0.00
 117   18579.2    15124.3    3454.9     49.5    1.4%    3405.4     0     0.00
 118   17876.3    14421.8    3454.5     49.2    1.4%    3405.3     0     0.00
 119   59720.8    14424.9   45296.0    149.7    0.3%   45146.2     0     0.00
 120   17032.0    13575.6    3456.4     49.1    1.4%    3407.3     0     0.00
 121  152949.4    13752.1  139197.3    445.7    0.3%  138751.6     0     0.00
 122   57053.4    12859.8   44193.6    142.4    0.3%   44051.2     0     0.00
 123   49773.3    12845.9   36927.4    120.6    0.3%   36806.8     0     0.00
 124  152067.5    12833.9  139233.6    445.5    0.3%  138788.1     0     0.00
 125   18713.1    13495.5    5217.6     49.0    0.9%    5168.6     0     0.00
 126   26769.2    13520.9   13248.2     77.9    0.6%   13170.4     0     0.00
 127   45711.7    12848.9   32862.8    107.3    0.3%   32755.4     0     0.00
 128   69045.1    14334.5   54710.6    200.7    0.4%   54509.8     0     0.00
 129   63905.0    14535.0   49369.9    176.5    0.4%   49193.4     0     0.00
 130   53464.3    19529.2   33935.2    106.1    0.3%   33829.0     0     0.00
 131   53974.6    19543.4   34431.1    108.7    0.3%   34322.4     0     0.00
 132   68806.5    19505.1   49301.4    184.7    0.4%   49116.7     0     0.00
 133   41976.7    19617.1   22359.6     75.4    0.3%   22284.2     0     0.00
 134   22744.8    19241.1    3503.6     44.0    1.3%    3459.6     0     0.00
 135   22716.3    19213.0    3503.3     43.4    1.2%    3459.8     0     0.00
 136   22590.6    19088.4    3502.2     42.3    1.2%    3459.9     0     0.00
 137   33766.6    21611.2   12155.4     48.7    0.4%   12106.7     0     0.00
 138   29876.6    21665.4    8211.3     55.8    0.7%    8155.4     0     0.00
 139   25028.2    21506.1    3522.1     43.4    1.2%    3478.7     0     0.00
 140   29637.6    21217.1    8420.5     54.1    0.6%    8366.4     0     0.00
 141   49607.6    23056.3   26551.2     79.2    0.3%   26472.1     0     0.00
 142   35398.5    31744.4    3654.2     42.8    1.2%    3611.4     0     0.00
 143   42124.0    32484.8    9639.2     55.3    0.6%    9583.9     0     0.00
 144   50706.5    46452.8    4253.7     45.6    1.1%    4208.1     0     0.00
 145   58633.7    46428.6   12205.1     72.1    0.6%   12133.0     0     0.00
 146   61205.5    49287.9   11917.6     96.7    0.8%   11820.9     0     0.00
 147  110699.1    48969.3   61729.9    211.0    0.3%   61518.9     0     0.00
 148   77213.4    49124.8   28088.6    129.6    0.5%   27959.0     0     0.00
 149   60925.5    49071.6   11853.9     94.7    0.8%   11759.2     0     0.00
 150   57010.7    48260.0    8750.7     79.9    0.9%    8670.8     0     0.00
 151   57013.9    49064.8    7949.1     60.2    0.8%    7888.9     0     0.00
 152   93637.0    49091.9   44545.1    162.5    0.4%   44382.6     0     0.00
 153   52675.4    49015.2    3660.2     44.6    1.2%    3615.6     0     0.00
 154   59113.3    49092.9   10020.3     85.8    0.9%    9934.6     0     0.00
 155   67822.6    49005.7   18816.8    119.3    0.6%   18697.5     0     0.00
 156   53721.0    48429.5    5291.5     48.0    0.9%    5243.5     0     0.00
 157   59110.1    49795.0    9315.1     86.6    0.9%    9228.5     0     0.00
 158   69168.3    52423.3   16745.0    113.5    0.7%   16631.5     0     0.00
 159   59550.3    52333.3    7217.1     81.4    1.1%    7135.7     0     0.00
 160   75381.4    50881.2   24500.2    112.7    0.5%   24387.5     0     0.00
 161   72342.5    50626.4   21716.1    105.8    0.5%   21610.3     0     0.00
 162  108129.9    51043.5   57086.5    215.2    0.4%   56871.3     0     0.00
 163  105006.5    50953.5   54052.9    184.8    0.3%   53868.1     0     0.00
 164   92119.6    50913.1   41206.5    148.0    0.4%   41058.5     0     0.00
 165   64810.3    50660.8   14149.5    103.4    0.7%   14046.1     0     0.00
 166   53805.3    50232.5    3572.8     64.6    1.8%    3508.2     0     0.00
 167   53710.6    50193.3    3517.3     46.8    1.3%    3470.5     0     0.00
 168   59730.4    49693.8   10036.7     73.7    0.7%    9962.9     0     0.00
 169   83416.1    49665.7   33750.4    111.3    0.3%   33639.1     0     0.00
 170   56681.6    49523.5    7158.2     62.4    0.9%    7095.8     0     0.00
 171   53444.7    47969.0    5475.6     54.9    1.0%    5420.8     0     0.00
 172   54347.0    46925.8    7421.2     62.9    0.8%    7358.3     0     0.00
 173  108163.4    46777.4   61386.0    207.6    0.3%   61178.4     0     0.00
 174   52726.4    49083.8    3642.7     51.2    1.4%    3591.5     0     0.00
 175   52607.5    48967.8    3639.7     51.9    1.4%    3587.8     0     0.00
 176   94930.5    47934.8   46995.7    136.0    0.3%   46859.8     0     0.00
 177  127933.7    48479.7   79454.0    239.8    0.3%   79214.2     0     0.00
 178   69520.5    48244.6   21275.9     69.3    0.3%   21206.6     0     0.00
 179   93460.1    48103.6   45356.5    125.2    0.3%   45231.3     0     0.00
 180   86973.0    48097.7   38875.3    109.9    0.3%   38765.4     0     0.00
 181   56760.9    47107.3    9653.6     61.8    0.6%    9591.8     0     0.00
 182   54691.6    47121.9    7569.7     54.8    0.7%    7514.9     0     0.00
 183   89169.1    46265.0   42904.1    119.7    0.3%   42784.4     0     0.00
 184   48256.8    44626.6    3630.2     45.0    1.2%    3585.2     0     0.00
 185   54416.5    44729.1    9687.4     59.4    0.6%    9628.0     0     0.00
 186   88676.2    44636.5   44039.7    120.5    0.3%   43919.3     0     0.00
 187   91942.4    43658.0   48284.5    157.3    0.3%   48127.2     0     0.00
 188   45438.3    41837.8    3600.5     43.3    1.2%    3557.2     0     0.00
 189   52102.3    42679.3    9423.0     57.3    0.6%    9365.7     0     0.00
 190   88104.3    49410.7   38693.5    110.6    0.3%   38582.9     0     0.00
 191   58026.2    50375.9    7650.3     51.3    0.7%    7599.0     0     0.00
 192   95304.2    69789.9   25514.3    127.4    0.5%   25386.9     0     0.00
 193   73377.2    69674.3    3702.9     44.0    1.2%    3658.8     0     0.00
 194   74024.6    70316.7    3707.9     42.6    1.1%    3665.3     0     0.00
 195  119728.7    70100.7   49627.9    180.1    0.4%   49447.8     0     0.00
 196   93267.8    77774.4   15493.4    100.3    0.6%   15393.1     0     0.00
 197   87065.2    83406.1    3659.1     67.1    1.8%    3592.0     0     0.00
 198   96261.8    83517.4   12744.4    100.8    0.8%   12643.6     0     0.00
 199   93712.7    83341.1   10371.6     73.1    0.7%   10298.5     0     0.00
 200  105682.7    83028.4   22654.3    128.4    0.6%   22525.9     0     0.00
 201  108608.9    83180.1   25428.8    116.7    0.5%   25312.1     0     0.00
 202  125295.9    82189.0   43106.9    198.2    0.5%   42908.7     0     0.00
 203   84741.9    81040.0    3702.0     69.3    1.9%    3632.7     0     0.00
 204  111356.5    82057.0   29299.5    127.3    0.4%   29172.2     0     0.00
 205   92115.2    81943.2   10172.0     91.7    0.9%   10080.3     0     0.00
 206   90625.9    81784.2    8841.7     83.7    0.9%    8758.0     0     0.00
 207  113701.6    80666.4   33035.3    138.0    0.4%   32897.3     0     0.00
 208   83573.9    79937.0    3636.9     66.6    1.8%    3570.3     0     0.00
 209   83631.8    80003.3    3628.5     65.5    1.8%    3563.0     0     0.00
 210  218813.6    79883.7  138930.0    438.3    0.3%  138491.6     0     0.00
 211   85070.1    79357.1    5712.9     70.2    1.2%    5642.7     0     0.00
 212   94460.0    78447.6   16012.4     85.9    0.5%   15926.5     0     0.00
 213  101455.9    77329.9   24126.0     90.3    0.4%   24035.8     0     0.00
 214   86259.7    77601.6    8658.1     64.9    0.7%    8593.2     0     0.00
 215  128550.7    76532.1   52018.6    210.2    0.4%   51808.4     0     0.00
 216   79565.9    75985.1    3580.8     44.4    1.2%    3536.3     0     0.00
 217   81593.2    77873.2    3720.0     46.2    1.2%    3673.8     0     0.00
 218  115059.6    75792.3   39267.3    165.3    0.4%   39102.0     0     0.00
 219   97392.9    76320.6   21072.3     78.8    0.4%   20993.6     0     0.00
 220   82045.6    78366.3    3679.3     66.4    1.8%    3612.9     0     0.00
 221  164142.1    78737.2   85404.8    294.0    0.3%   85110.8     0     0.00
 222   90776.3    79199.4   11576.9     88.0    0.8%   11488.9     0     0.00
 223   81834.0    78195.2    3638.7     63.8    1.8%    3574.9     0     0.00
 224   81715.0    78076.3    3638.7     63.8    1.8%    3574.9     0     0.00
 225  122563.4    77416.2   45147.2    186.3    0.4%   44960.9     0     0.00
 226   81135.9    77547.4    3588.5     46.7    1.3%    3541.8     0     0.00
 227  143593.4    76663.7   66929.7    224.8    0.3%   66704.9     0     0.00
 228   98015.1    76435.9   21579.1     76.2    0.4%   21502.9     0     0.00
 229   79848.0    76225.7    3622.3     45.9    1.3%    3576.4     0     0.00
 230   80963.6    77315.0    3648.6     44.5    1.2%    3604.0     0     0.00
 231  130535.0    76937.8   53597.2    191.5    0.4%   53405.7     0     0.00
 232  115100.3    77609.7   37490.6    161.4    0.4%   37329.2     0     0.00
 233  159934.1    76709.2   83224.8    283.0    0.3%   82941.9     0     0.00
 234  220438.4    81303.0  139135.4    443.8    0.3%  138691.6     0     0.00
 235   88714.1    81229.9    7484.1     56.0    0.7%    7428.1     0     0.00
 236   91517.5    80867.4   10650.1     62.9    0.6%   10587.1     0     0.00
 237   85796.1    80865.8    4930.3     26.7    0.5%    4903.6     0     0.00
 238   84549.0    80845.7    3703.4     41.2    1.1%    3662.1     0     0.00
 239   99184.8    87711.7   11473.1     93.8    0.8%   11379.3     0     0.00
 240  225972.0    86916.8  139055.2    463.7    0.3%  138591.6     0     0.00
 241  136474.0    86177.7   50296.3    194.9    0.4%   50101.4     0     0.00
 242   98017.7    85641.6   12376.1     96.7    0.8%   12279.4     0     0.00
 243   99082.2    90170.2    8912.0     91.9    1.0%    8820.1     0     0.00
 244  100828.9    91092.6    9736.3     96.4    1.0%    9639.9     0     0.00
 245  104270.4    90331.9   13938.5    115.7    0.8%   13822.8     0     0.00
 246   99001.7    90129.0    8872.6     90.3    1.0%    8782.3     0     0.00
 247   98136.7    91039.7    7097.0     84.7    1.2%    7012.3     0     0.00
 248   94549.9    90949.8    3600.2     68.8    1.9%    3531.4     0     0.00
 249  135729.4    90979.0   44750.4    175.5    0.4%   44574.9     0     0.00
 250   94385.1    90788.6    3596.4     67.5    1.9%    3529.0     0     0.00
 251   93310.1    89716.2    3593.9     67.3    1.9%    3526.6     0     0.00
 252  147130.3    89816.2   57314.0    191.9    0.3%   57122.1     0     0.00
 253   92056.3    88520.3    3535.9     49.8    1.4%    3486.2     0     0.00
 254   91783.2    88250.2    3533.0     47.9    1.4%    3485.1     0     0.00
 255  117049.0    88122.3   28926.7    136.2    0.5%   28790.5     0     0.00
 256   98649.5    87348.6   11300.9     80.6    0.7%   11220.2     0     0.00
 257  109839.7    86470.6   23369.1    118.7    0.5%   23250.4     0     0.00
 258   89993.8    86463.4    3530.3     46.4    1.3%    3484.0     0     0.00
 259   89470.8    85909.1    3561.6     46.4    1.3%    3515.2     0     0.00
 260   95382.0    86431.3    8950.7     69.4    0.8%    8881.3     0     0.00
 261   89881.2    86369.3    3512.0     44.8    1.3%    3467.2     0     0.00
 262  104142.7    85348.9   18793.7     82.4    0.4%   18711.4     0     0.00
 263   99012.3    85329.4   13682.9     84.2    0.6%   13598.7     0     0.00
 264   93571.1    85192.5    8378.6     65.2    0.8%    8313.4     0     0.00
 265   86488.4    82975.5    3512.9     43.7    1.2%    3469.3     0     0.00
 266   86214.6    82701.8    3512.9     43.6    1.2%    3469.3     0     0.00
 267   96518.4    85115.9   11402.5     78.1    0.7%   11324.4     0     0.00
 268   92420.3    85510.1    6910.2     60.8    0.9%    6849.4     0     0.00
 269   88910.7    85403.5    3507.2     43.4    1.2%    3463.7     0     0.00
 270   88228.0    84720.9    3507.1     43.4    1.2%    3463.7     0     0.00
 271  105869.2    85253.2   20616.0    103.0    0.5%   20513.0     0     0.00
 272   87540.6    84075.7    3464.9     44.5    1.3%    3420.5     0     0.00
 273   94617.3    83837.2   10780.1     71.1    0.7%   10709.0     0     0.00
 274  126719.8    82114.1   44605.7    146.5    0.3%   44459.1     0     0.00
 275   87301.9    83868.3    3433.5     47.7    1.4%    3385.9     0     0.00
 276   93771.4    83822.4    9949.1     68.8    0.7%    9880.2     0     0.00
 277  154868.6    83676.3   71192.4    236.1    0.3%   70956.3     0     0.00
 278   93043.8    83385.0    9658.8     67.1    0.7%    9591.7     0     0.00
 279   87115.4    83682.0    3433.4     45.0    1.3%    3388.4     0     0.00
 280  115615.2    83184.9   32430.3    107.7    0.3%   32322.6     0     0.00
 281  136297.2    83198.2   53099.0    161.5    0.3%   52937.5     0     0.00
 282   87873.2    84432.9    3440.3     44.2    1.3%    3396.1     0     0.00
 283  124278.8    82471.3   41807.4    130.8    0.3%   41676.7     0     0.00
 284  181715.2    83948.2   97767.0    275.0    0.3%   97491.9     0     0.00
 285  149728.9    84131.4   65597.5    194.0    0.3%   65403.5     0     0.00
 286   97399.3    84410.3   12989.1     71.6    0.6%   12917.4     0     0.00
 287   90845.5    87367.7    3477.8     42.8    1.2%    3435.0     0     0.00
 288  118109.9    87656.3   30453.6     96.7    0.3%   30356.9     0     0.00
 289   89961.5    86466.5    3495.0     40.4    1.2%    3454.6     0     0.00
 290  139988.4    88701.9   51286.5    167.1    0.3%   51119.4     0     0.00
 291   90454.6    86951.7    3502.9     60.7    1.7%    3442.3     0     0.00
 292   90396.4    86926.5    3469.9     60.1    1.7%    3409.8     0     0.00
 293   90275.4    86805.6    3469.9     60.1    1.7%    3409.8     0     0.00
 294   89794.7    86324.9    3469.8     60.0    1.7%    3409.8     0     0.00
 295   87839.4    84369.6    3469.8     60.0    1.7%    3409.8     0     0.00
 296  140557.4    83977.3   56580.1    182.3    0.3%   56397.9     0     0.00
 297  135062.2    83448.8   51613.5    149.2    0.3%   51464.3     0     0.00
 298  108305.0    82905.5   25399.5     76.7    0.3%   25322.7     0     0.00
 299   90280.3    86615.2    3665.1     43.6    1.2%    3621.5     0     0.00
 300   98055.7    87749.3   10306.5     41.3    0.4%   10265.2     0     0.00
 301  140239.8    87700.4   52539.5    155.1    0.3%   52384.4     0     0.00
 302  247905.5   107509.5  140396.0    414.0    0.3%  139981.9     0     0.00
 303  131003.0   107500.3   23502.7     95.9    0.4%   23406.8     0     0.00
 304  124313.5   108250.5   16063.0     76.1    0.5%   15986.9     0     0.00
 305  246641.1   106235.3  140405.8    416.1    0.3%  139989.7     0     0.00
 306  133760.1   110995.7   22764.4     95.2    0.4%   22669.2     0     0.00
 307  155016.1   118306.9   36709.1    132.8    0.4%   36576.4     0     0.00
 308  126525.2   117790.1    8735.2     58.8    0.7%    8676.4     0     0.00
 309  258926.9   118460.1  140466.8    454.1    0.3%  140012.7     0     0.00
 310  167793.9   119097.6   48696.3    165.3    0.3%   48531.0     0     0.00
 311  222467.3   118945.6  103521.7    316.6    0.3%  103205.1     0     0.00
 312  165896.4   118747.4   47149.0    158.0    0.3%   46991.0     0     0.00
 313  155040.9   118555.7   36485.1    128.0    0.4%   36357.2     0     0.00
 314  121273.5   117620.5    3653.0     43.0    1.2%    3610.0     0     0.00
 315  120323.8   116669.9    3653.9     41.8    1.1%    3612.1     0     0.00
 316  120177.5   116523.8    3653.7     41.5    1.1%    3612.2     0     0.00
 317  148208.8   125074.3   23134.4     96.5    0.4%   23038.0     0     0.00
 318  128739.7   125057.0    3682.7     44.0    1.2%    3638.7     0     0.00
 319  176431.4   124624.7   51806.7    177.0    0.3%   51629.8     0     0.00
 320  264860.7   124206.8  140653.9    454.6    0.3%  140199.3     0     0.00
 321  134239.6   128947.0    5292.6     51.2    1.0%    5241.4     0     0.00
 322  132599.0   128937.2    3661.8     64.6    1.8%    3597.2     0     0.00
 323  133350.8   129717.4    3633.3     63.7    1.8%    3569.6     0     0.00
 324  133313.3   129680.1    3633.3     63.7    1.8%    3569.6     0     0.00
 325  143749.1   129279.9   14469.1     72.0    0.5%   14397.1     0     0.00
 326  154577.2   129277.3   25299.9     94.2    0.4%   25205.7     0     0.00
 327  159076.0   129813.4   29262.6    101.1    0.3%   29161.6     0     0.00
 328  159864.6   129343.8   30520.8    105.2    0.3%   30415.6     0     0.00
 329  132814.7   129171.4    3643.3     60.5    1.7%    3582.8     0     0.00
 330  132961.1   129313.2    3647.9     61.6    1.7%    3586.3     0     0.00
 331  140339.6   128975.4   11364.2     61.5    0.5%   11302.6     0     0.00
 332  172275.8   127981.4   44294.4    152.4    0.3%   44142.0     0     0.00
 333  169927.6   127897.3   42030.3    144.2    0.3%   41886.1     0     0.00
 334  134035.9   130350.0    3685.9     42.8    1.2%    3643.0     0     0.00
 335  137077.5   129660.2    7417.3     50.2    0.7%    7367.1     0     0.00
 336  158737.3   155084.0    3653.3     50.6    1.4%    3602.8     0     0.00
 337  157319.5   153630.6    3688.9     51.1    1.4%    3637.8     0     0.00
 338  158587.2   154826.4    3760.8     71.4    1.9%    3689.5     0     0.00
 339  172551.8   154342.0   18209.8    113.1    0.6%   18096.7     0     0.00
 340  176077.5   152279.6   23798.0    132.9    0.6%   23665.1     0     0.00
 341  160734.3   151417.4    9316.9     62.0    0.7%    9254.9     0     0.00
 342  162181.1   151259.3   10921.8     67.9    0.6%   10854.0     0     0.00
 343  160521.3   151204.0    9317.4     62.5    0.7%    9254.9     0     0.00
 344  158421.3   150806.2    7615.1     58.2    0.8%    7556.9     0     0.00
 345  153335.6   149583.5    3752.1     50.0    1.3%    3702.1     0     0.00
 346  200960.9   149855.8   51105.0    178.9    0.4%   50926.1     0     0.00
 347  156007.9   148773.8    7234.1     54.9    0.8%    7179.2     0     0.00
 348  152444.5   148697.7    3746.7     47.0    1.3%    3699.7     0     0.00
 349  198020.4   149000.1   49020.3    171.4    0.3%   48848.9     0     0.00
 350  158466.4   149087.8    9378.6     56.6    0.6%    9322.0     0     0.00
 351  163736.2   148934.5   14801.7     96.5    0.7%   14705.2     0     0.00
 352  151516.5   147767.5    3749.0     42.6    1.1%    3706.5     0     0.00
 353  189923.3   154206.4   35716.9    138.9    0.4%   35578.0     0     0.00
 354  161233.4   153052.4    8181.0     80.6    1.0%    8100.4     0     0.00
 355  208549.4   154812.7   53736.7    178.2    0.3%   53558.5     0     0.00
 356  219250.1   154128.5   65121.7    208.2    0.3%   64913.5     0     0.00
 357  192793.3   153579.9   39213.4    142.5    0.4%   39070.9     0     0.00
 358  185542.1   155715.8   29826.3    120.7    0.4%   29705.6     0     0.00
 359  159164.4   155499.9    3664.5     65.9    1.8%    3598.6     0     0.00
 360  159080.7   155452.3    3628.4     64.5    1.8%    3563.8     0     0.00
 361  212577.0   154822.5   57754.5    187.2    0.3%   57567.2     0     0.00
 362  227001.6   154273.8   72727.8    251.0    0.3%   72476.8     0     0.00
 363  166496.3   154402.9   12093.4     94.1    0.8%   11999.3     0     0.00
 364  168963.9   154370.4   14593.5    101.3    0.7%   14492.2     0     0.00
 365  163925.2   152716.9   11208.3     91.2    0.8%   11117.0     0     0.00
 366  159215.5   151925.8    7289.6     74.7    1.0%    7214.9     0     0.00
 367  197169.4   151528.3   45641.0    152.3    0.3%   45488.7     0     0.00
 368  186513.9   151139.4   35374.5    126.7    0.4%   35247.8     0     0.00
 369  153848.3   150239.2    3609.0     42.2    1.2%    3566.8     0     0.00
 370  169990.0   153319.6   16670.4     84.4    0.5%   16586.0     0     0.00
 371  153224.5   149632.2    3592.2     61.2    1.7%    3531.0     0     0.00
 372  156649.8   152861.2    3788.6     64.3    1.7%    3724.3     0     0.00
 373  156696.9   152939.8    3757.1     48.4    1.3%    3708.7     0     0.00
 374  160265.1   152999.4    7265.7     57.8    0.8%    7207.9     0     0.00
 375  177942.9   155869.0   22073.9     74.9    0.3%   21999.0     0     0.00
 376  159135.5   155600.0    3535.5     46.9    1.3%    3488.6     0     0.00
 377  158679.5   155176.5    3503.0     46.9    1.3%    3456.1     0     0.00
 378  158680.0   155179.4    3500.6     44.4    1.3%    3456.2     0     0.00
 379  162599.8   155123.3    7476.5     56.9    0.8%    7419.6     0     0.00
 380  158588.5   155080.1    3508.4     42.9    1.2%    3465.5     0     0.00
 381  165136.2   155175.4    9960.7     42.2    0.4%    9918.5     0     0.00
 382  219224.9   158270.3   60954.5    192.4    0.3%   60762.1     0     0.00
 383  168511.8   157592.9   10918.9     44.6    0.4%   10874.3     0     0.00
 384  166172.0   157444.4    8727.5     37.0    0.4%    8690.5     0     0.00
 385  198369.0   157389.5   40979.5    113.6    0.3%   40865.9     0     0.00
 386  189357.9   157804.3   31553.6     88.2    0.3%   31465.4     0     0.00
 387  208684.5   182339.3   26345.2    123.8    0.5%   26221.4     0     0.00
 388  236408.4   182335.9   54072.5    218.9    0.4%   53853.6     0     0.00
 389  240552.3   181993.5   58558.8    230.7    0.4%   58328.0     0     0.00
 390  195366.8   186810.0    8556.8     54.7    0.6%    8502.1     0     0.00
 391  195144.0   186321.3    8822.7     54.0    0.6%    8768.7     0     0.00
 392  192093.4   187752.7    4340.7     44.1    1.0%    4296.6     0     0.00
 393  204510.4   189097.0   15413.4     70.2    0.5%   15343.3     0     0.00
 394  219761.3   188477.7   31283.6    148.9    0.5%   31134.7     0     0.00
 395  212904.5   193714.4   19190.0    107.9    0.6%   19082.1     0     0.00
 396  215724.7   193371.5   22353.2    120.4    0.5%   22232.9     0     0.00
 397  216015.1   193080.7   22934.4    122.6    0.5%   22811.8     0     0.00
 398  218038.1   194123.3   23914.8    127.1    0.5%   23787.6     0     0.00
 399  239649.9   193890.4   45759.5    182.2    0.4%   45577.3     0     0.00
 400  239774.0   203146.0   36628.0    181.9    0.5%   36446.1     0     0.00
 401  205644.1   201960.6    3683.6     69.6    1.9%    3614.0     0     0.00
 402  206643.7   200746.4    5897.2     75.9    1.3%    5821.3     0     0.00
 403  250573.7   200581.8   49991.9    228.3    0.5%   49763.6     0     0.00
 404  203713.4   200064.4    3649.0     69.7    1.9%    3579.3     0     0.00
 405  244104.0   200040.8   44063.3    208.2    0.5%   43855.0     0     0.00
 406  204087.3   200451.5    3635.9     67.9    1.9%    3568.0     0     0.00
 407  204498.0   200092.9    4405.1     70.6    1.6%    4334.5     0     0.00
 408  234604.6   199080.2   35524.4    172.7    0.5%   35351.7     0     0.00
 409  202626.0   198993.5    3632.5     65.8    1.8%    3566.7     0     0.00
 410  222406.3   198781.5   23624.8    136.3    0.6%   23488.5     0     0.00
 411  258450.7   197706.8   60744.0    275.8    0.5%   60468.1     0     0.00
 412  207323.7   197519.8    9803.9     81.0    0.8%    9722.9     0     0.00
 413  233224.2   196981.1   36243.0    158.2    0.4%   36084.9     0     0.00
 414  250801.3   196039.7   54761.6    229.5    0.4%   54532.1     0     0.00
 415  199405.5   195806.7    3598.7     44.0    1.2%    3554.7     0     0.00
 416  209052.9   195204.7   13848.2     80.5    0.6%   13767.7     0     0.00
 417  245280.6   194536.4   50744.3    210.4    0.4%   50533.9     0     0.00
 418  236482.1   194217.7   42264.5    174.8    0.4%   42089.7     0     0.00
 419  196848.6   193248.5    3600.1     43.2    1.2%    3556.9     0     0.00
 420  203132.3   192150.5   10981.9     69.4    0.6%   10912.5     0     0.00
 421  299488.5   194275.6  105212.9    404.8    0.4%  104808.1     0     0.00
 422  243681.0   198640.4   45040.6    215.3    0.5%   44825.3     0     0.00
 423  247575.9   199244.5   48331.3    233.1    0.5%   48098.3     0     0.00
 424  204653.2   199101.1    5552.0     79.3    1.4%    5472.7     0     0.00
 425  239171.5   198976.8   40194.7    195.8    0.5%   39999.0     0     0.00
 426  202257.3   198557.2    3700.1     68.8    1.9%    3631.4     0     0.00
 427  244169.7   198305.1   45864.6    204.3    0.4%   45660.4     0     0.00
 428  202519.6   198824.6    3695.0     49.5    1.3%    3645.5     0     0.00
 429  229507.0   198286.5   31220.5    138.7    0.4%   31081.8     0     0.00
 430  229940.4   198297.8   31642.6    142.1    0.4%   31500.5     0     0.00
 431  201955.0   198261.4    3693.7     49.5    1.3%    3644.2     0     0.00
 432  203650.5   199880.3    3770.2     55.2    1.5%    3715.0     0     0.00
 433  217341.3   200510.0   16831.3     90.8    0.5%   16740.5     0     0.00
 434  212008.5   199892.2   12116.3     73.2    0.6%   12043.2     0     0.00
 435  203622.3   199874.1    3748.2     51.1    1.4%    3697.1     0     0.00
 436  201805.6   198057.8    3747.8     50.1    1.3%    3697.7     0     0.00
 437  224688.6   198015.9   26672.7    118.4    0.4%   26554.3     0     0.00
 438  240716.8   197521.2   43195.7    189.3    0.4%   43006.4     0     0.00
 439  201146.5   197401.3    3745.3     44.9    1.2%    3700.4     0     0.00
 440  202550.8   196184.0    6366.8     51.8    0.8%    6315.1     0     0.00
 441  198325.5   194580.3    3745.2     44.8    1.2%    3700.4     0     0.00
 442  199543.1   194505.0    5038.1     49.2    1.0%    4988.9     0     0.00
 443  197501.5   193756.5    3745.0     44.7    1.2%    3700.4     0     0.00
 444  197362.6   192868.9    4493.7     47.7    1.1%    4446.0     0     0.00
 445  200848.8   192366.4    8482.5     56.6    0.7%    8425.8     0     0.00
 446  195507.7   191763.5    3744.2     43.3    1.2%    3700.9     0     0.00
 447  219713.5   195314.0   24399.5    112.3    0.5%   24287.2     0     0.00
 448  220306.3   200560.8   19745.6    120.4    0.6%   19625.1     0     0.00
 449  202344.5   198791.0    3553.4     62.2    1.8%    3491.2     0     0.00
 450  202135.6   198641.5    3494.2     38.5    1.1%    3455.7     0     0.00
 451  259770.5   197829.0   61941.5    225.5    0.4%   61716.0     0     0.00
 452  207008.0   197547.5    9460.5     56.7    0.6%    9403.8     0     0.00
 453  200950.7   197456.7    3494.0     38.3    1.1%    3455.7     0     0.00
 454  204925.5   197932.4    6993.1     54.1    0.8%    6939.0     0     0.00
 455  206699.3   199550.6    7148.8     35.3    0.5%    7113.5     0     0.00
 456  203105.9   199586.5    3519.4     41.9    1.2%    3477.5     0     0.00
 457  204878.5   201274.1    3604.4     48.9    1.4%    3555.6     0     0.00
 458  222849.6   201538.2   21311.4    113.7    0.5%   21197.7     0     0.00
 459  207719.5   203412.5    4306.9     68.2    1.6%    4238.8     0     0.00
 460  256255.5   203149.2   53106.3    221.1    0.4%   52885.2     0     0.00
 461  243287.7   203119.7   40167.9    182.8    0.5%   39985.2     0     0.00
 462  257613.3   202944.5   54668.9    242.9    0.4%   54426.0     0     0.00
 463  206238.5   202802.5    3435.9     64.0    1.9%    3371.9     0     0.00
 464  212985.9   202161.5   10824.3     70.5    0.7%   10753.8     0     0.00
 465  266172.5   202160.4   64012.0    260.0    0.4%   63752.0     0     0.00
 466  205502.3   202054.4    3447.9     44.0    1.3%    3403.9     0     0.00
 467  205663.0   202211.2    3451.8     43.7    1.3%    3408.1     0     0.00
 468  205688.7   202238.4    3450.3     42.1    1.2%    3408.2     0     0.00
 469  205867.5   202410.9    3456.6     41.3    1.2%    3415.4     0     0.00
 470  224436.4   201943.7   22492.7    119.7    0.5%   22373.0     0     0.00
 471  217888.9   201072.8   16816.1     90.2    0.5%   16725.9     0     0.00
 472  209868.9   206354.8    3514.1     66.5    1.9%    3447.6     0     0.00
 473  214329.7   206186.1    8143.6     82.6    1.0%    8061.0     0     0.00
 474  210171.9   205796.3    4375.6     68.0    1.6%    4307.5     0     0.00
 475  211005.3   206365.1    4640.2     52.4    1.1%    4587.8     0     0.00
 476  234468.8   205924.6   28544.2    148.7    0.5%   28395.6     0     0.00
 477  216116.3   206101.8   10014.5     69.7    0.7%    9944.8     0     0.00
 478  226970.1   205559.6   21410.5    123.2    0.6%   21287.3     0     0.00
 479  227220.6   205033.3   22187.3    124.6    0.6%   22062.7     0     0.00
 480  240930.4   204207.0   36723.4    147.5    0.4%   36575.9     0     0.00
 481  208414.9   202421.9    5993.0     50.8    0.8%    5942.2     0     0.00
 482  241487.8   202281.0   39206.8    152.2    0.4%   39054.6     0     0.00
 483  338957.5   201977.5  136980.0    476.6    0.3%  136503.4     0     0.00
 484  207299.3   203821.7    3477.5     43.6    1.3%    3433.9     0     0.00
 485  212980.8   206049.3    6931.5     67.6    1.0%    6863.9     0     0.00
 486  231666.1   205661.3   26004.8    113.0    0.4%   25891.7     0     0.00
 487  209341.0   205870.6    3470.4     45.1    1.3%    3425.2     0     0.00
 488  209208.2   205737.8    3470.4     45.2    1.3%    3425.2     0     0.00
 489  239370.2   205775.4   33594.8    132.3    0.4%   33462.6     0     0.00
 490  292263.1   205144.1   87119.1    334.3    0.4%   86784.7     0     0.00
 491  242509.4   205913.6   36595.8    139.3    0.4%   36456.6     0     0.00
 492  208701.7   205228.1    3473.6     48.1    1.4%    3425.5     0     0.00
 493  208338.6   204866.8    3471.8     46.6    1.3%    3425.2     0     0.00
 494  209050.6   205600.6    3450.1     50.1    1.5%    3400.0     0     0.00
 495  220965.5   204884.9   16080.5     99.9    0.6%   15980.6     0     0.00
 496  220235.4   203615.9   16619.5    101.2    0.6%   16518.3     0     0.00
 497  210562.5   203574.9    6987.6     66.3    0.9%    6921.3     0     0.00
 498  208230.9   203486.2    4744.7     53.8    1.1%    4690.8     0     0.00
 499  210086.1   203094.1    6992.0     65.4    0.9%    6926.6     0     0.00
 500  210623.6   203165.1    7458.5     67.3    0.9%    7391.2     0     0.00
 501  206285.6   202842.7    3442.8     46.0    1.3%    3396.9     0     0.00
 502  239019.9   203042.6   35977.3    152.4    0.4%   35824.9     0     0.00
 503  237852.0   202664.7   35187.3    147.6    0.4%   35039.6     0     0.00
 504  241748.5   202697.5   39051.1    163.4    0.4%   38887.6     0     0.00
 505  208460.8   203358.6    5102.2     53.6    1.1%    5048.6     0     0.00
 506  259067.6   203442.2   55625.4    222.3    0.4%   55403.1     0     0.00
 507  208379.7   204825.2    3554.5     50.8    1.4%    3503.7     0     0.00
 508  221261.5   204635.4   16626.2     89.3    0.5%   16536.9     0     0.00
 509  207558.0   203998.8    3559.1     49.5    1.4%    3509.6     0     0.00
 510  254075.5   203678.2   50397.3    202.3    0.4%   50194.9     0     0.00
 511  206938.7   203374.2    3564.6     48.8    1.4%    3515.8     0     0.00
 512  210877.5   202851.8    8025.7     64.7    0.8%    7961.0     0     0.00
 513  207636.3   203272.9    4363.4     51.9    1.2%    4311.5     0     0.00
 514  208974.6   203191.3    5783.3     54.5    0.9%    5728.8     0     0.00
 515  245048.2   205044.9   40003.2    163.4    0.4%   39839.8     0     0.00
 516  209294.3   205012.1    4282.2     48.2    1.1%    4234.0     0     0.00
 517  226075.5   204591.0   21484.4     75.9    0.4%   21408.5     0     0.00
 518  207126.5   203588.1    3538.4     45.5    1.3%    3492.9     0     0.00
 519  214379.5   202903.1   11476.4     67.8    0.6%   11408.5     0     0.00
 520  236094.6   202938.5   33156.0    135.3    0.4%   33020.7     0     0.00
 521  242205.0   201059.7   41145.3    162.1    0.4%   40983.2     0     0.00
 522  211403.4   200784.5   10618.9     62.3    0.6%   10556.6     0     0.00
 523  206759.3   203248.1    3511.1     41.9    1.2%    3469.2     0     0.00
 524  228914.3   203017.7   25896.6    107.2    0.4%   25789.5     0     0.00
 525  239983.2   202367.9   37615.3    149.2    0.4%   37466.1     0     0.00
 526  214338.2   210086.2    4252.0     44.9    1.1%    4207.1     0     0.00
 527  230274.3   209970.8   20303.5    118.0    0.6%   20185.5     0     0.00
 528  213638.6   209912.4    3726.2     59.0    1.6%    3667.2     0     0.00
 529  213155.4   209429.3    3726.1     58.9    1.6%    3667.2     0     0.00
 530  217220.5   213572.9    3647.6     44.4    1.2%    3603.2     0     0.00
 531  258477.9   216087.5   42390.5    201.9    0.5%   42188.6     0     0.00
 532  289013.6   216893.8   72119.8    307.1    0.4%   71812.7     0     0.00
 533  280740.7   216680.7   64060.0    280.8    0.4%   63779.2     0     0.00
 534  226141.5   216537.5    9604.0     83.3    0.9%    9520.7     0     0.00
 535  225263.1   220205.3    5057.8     71.6    1.4%    4986.2     0     0.00
 536  267607.4   219215.3   48392.2    217.6    0.4%   48174.5     0     0.00
 537  247815.3   218812.4   29002.9    155.6    0.5%   28847.3     0     0.00
 538  227336.2   218822.7    8513.5     85.0    1.0%    8428.5     0     0.00
 539  221348.1   217717.5    3630.6     65.3    1.8%    3565.3     0     0.00
 540  247137.2   217028.5   30108.7    164.3    0.5%   29944.4     0     0.00
 541  221789.6   218216.6    3573.0     48.8    1.4%    3524.2     0     0.00
 542  262189.0   217601.0   44587.9    167.5    0.4%   44420.4     0     0.00
 543  257131.8   217289.8   39842.0    152.8    0.4%   39689.2     0     0.00
 544  233934.4   216801.9   17132.5     93.9    0.5%   17038.5     0     0.00
 545  219837.3   216306.3    3531.0     45.8    1.3%    3485.3     0     0.00
 546  228801.7   216829.7   11972.0     74.5    0.6%   11897.4     0     0.00
 547  246303.9   216723.8   29580.0    138.0    0.5%   29442.1     0     0.00
 548  219793.0   216257.5    3535.5     45.5    1.3%    3490.0     0     0.00
 549  256321.3   216864.2   39457.0    145.8    0.4%   39311.2     0     0.00
 550  239826.2   216266.2   23559.9    116.7    0.5%   23443.2     0     0.00
 551  219370.2   215824.1    3546.1     47.4    1.3%    3498.7     0     0.00
 552  255688.4   215094.0   40594.4    151.8    0.4%   40442.6     0     0.00
 553  221358.7   214249.9    7108.9     59.5    0.8%    7049.3     0     0.00
 554  236214.7   214637.3   21577.3    106.6    0.5%   21470.7     0     0.00
 555  221373.0   214457.1    6915.9     54.3    0.8%    6861.6     0     0.00
 556  271734.9   214401.9   57333.0    233.1    0.4%   57099.9     0     0.00
 557  218128.0   214569.0    3559.0     43.9    1.2%    3515.1     0     0.00
 558  220593.7   217025.4    3568.4     45.1    1.3%    3523.3     0     0.00
 559  255144.4   216797.0   38347.4    163.3    0.4%   38184.1     0     0.00
 560  221779.1   218200.6    3578.5     47.7    1.3%    3530.8     0     0.00
 561  221185.6   217605.0    3580.7     49.5    1.4%    3531.2     0     0.00
 562  222569.5   218995.8    3573.7     46.4    1.3%    3527.2     0     0.00
 563  223194.8   218820.6    4374.3     48.3    1.1%    4326.0     0     0.00
 564  223167.9   218793.7    4374.2     48.3    1.1%    4326.0     0     0.00
 565  234660.7   218476.4   16184.4     90.9    0.6%   16093.4     0     0.00
 566  224998.9   217829.0    7169.9     55.2    0.8%    7114.7     0     0.00
 567  230577.3   217554.5   13022.8     74.0    0.6%   12948.8     0     0.00
 568  226847.7   217366.8    9480.8     62.8    0.7%    9418.1     0     0.00
 569  220397.0   216833.6    3563.4     41.9    1.2%    3521.6     0     0.00
 570  224773.4   221178.7    3594.7     64.4    1.8%    3530.2     0     0.00
 571  230326.9   222138.4    8188.5     80.9    1.0%    8107.7     0     0.00
 572  249672.4   220678.3   28994.1    150.5    0.5%   28843.6     0     0.00
 573  223938.0   220459.5    3478.5     45.1    1.3%    3433.3     0     0.00
 574  223783.0   220237.2    3545.7     47.7    1.3%    3498.0     0     0.00
 575  223198.3   219652.6    3545.7     47.7    1.3%    3498.0     0     0.00
 576  242805.7   219183.3   23622.4     89.4    0.4%   23532.9     0     0.00
 577  238325.4   219067.5   19258.0     96.8    0.5%   19161.2     0     0.00
 578  252755.5   218952.1   33803.3    155.8    0.5%   33647.6     0     0.00
 579  246596.7   220532.7   26064.0    123.3    0.5%   25940.7     0     0.00
 580  229226.3   220375.9    8850.5     63.1    0.7%    8787.3     0     0.00
 581  239935.4   221183.8   18751.6     71.9    0.4%   18679.7     0     0.00
 582  223868.3   220329.5    3538.8     40.5    1.1%    3498.3     0     0.00
 583  223599.2   220058.4    3540.8     41.0    1.2%    3499.7     0     0.00
 584  229572.7   219827.3    9745.4     66.6    0.7%    9678.8     0     0.00
 585  242673.4   223247.5   19425.9     97.5    0.5%   19328.4     0     0.00
 586  227043.9   222618.3    4425.6     51.8    1.2%    4373.8     0     0.00
 587  226384.5   222889.7    3494.8     44.8    1.3%    3450.0     0     0.00
 588  347938.5   222395.9  125542.6    411.8    0.3%  125130.8     0     0.00
 589  226059.7   221773.2    4286.5     47.3    1.1%    4239.2     0     0.00
 590  241301.0   220965.8   20335.3     92.6    0.5%   20242.7     0     0.00
 591  225711.8   222176.4    3535.4     44.4    1.3%    3491.0     0     0.00
 592  363198.5   224160.4  139038.1    477.7    0.3%  138560.4     0     0.00
 593  246681.9   224028.8   22653.1    128.8    0.6%   22524.3     0     0.00
 594  297183.8   223651.6   73532.2    264.1    0.4%   73268.1     0     0.00
 595  227367.8   223786.4    3581.4     43.2    1.2%    3538.2     0     0.00
 596  253292.2   223268.9   30023.4    139.8    0.5%   29883.6     0     0.00
 597  300931.6   223503.6   77428.0    286.8    0.4%   77141.2     0     0.00
 598  270654.6   233470.6   37184.0    157.4    0.4%   37026.6     0     0.00
 599  265731.3   233380.5   32350.8    146.1    0.5%   32204.6     0     0.00
 600  240607.6   231720.1    8887.5     89.8    1.0%    8797.7     0     0.00
 601  294975.6   232731.6   62244.0    256.1    0.4%   61988.0     0     0.00
 602  292588.9   231838.1   60750.8    248.8    0.4%   60502.0     0     0.00
 603  269550.0   231891.8   37658.2    156.8    0.4%   37501.4     0     0.00
 604  234421.6   230743.0    3678.5     72.3    2.0%    3606.3     0     0.00
 605  233901.7   230309.6    3592.1     54.1    1.5%    3538.0     0     0.00
 606  244636.3   231427.0   13209.4     94.3    0.7%   13115.1     0     0.00
 607  287972.3   231180.0   56792.3    197.0    0.3%   56595.3     0     0.00
 608  257639.9   230565.9   27074.0    129.0    0.5%   26945.1     0     0.00
 609  233392.4   229795.5    3596.9     55.1    1.5%    3541.8     0     0.00
 610  234337.3   230712.2    3625.1     50.9    1.4%    3574.1     0     0.00
 611  233880.1   230254.5    3625.6     50.4    1.4%    3575.2     0     0.00
 612  240077.5   230163.0    9914.5     75.3    0.8%    9839.2     0     0.00
 613  231983.3   228357.8    3625.5     50.3    1.4%    3575.2     0     0.00
 614  322533.6   228391.5   94142.1    316.2    0.3%   93825.9     0     0.00
 615  230793.3   227168.4    3624.8     48.8    1.3%    3576.0     0     0.00
 616  253575.9   226813.4   26762.6    120.7    0.5%   26641.8     0     0.00
 617  277958.1   226384.5   51573.7    173.0    0.3%   51400.7     0     0.00
 618  230673.4   226262.7    4410.6     49.8    1.1%    4360.8     0     0.00
 619  255798.0   225923.0   29875.0    107.7    0.4%   29767.4     0     0.00
 620  230258.6   225848.7    4409.8     48.8    1.1%    4361.0     0     0.00
 621  230251.0   225838.8    4412.2     50.2    1.1%    4361.9     0     0.00
 622  241811.0   225277.2   16533.8     94.3    0.6%   16439.6     0     0.00
 623  230292.1   225388.2    4903.9     53.2    1.1%    4850.7     0     0.00
 624  228335.9   224723.9    3611.9     42.7    1.2%    3569.2     0     0.00
 625  263113.5   228298.4   34815.1    115.5    0.3%   34699.6     0     0.00
 626  238269.8   227932.7   10337.1     67.9    0.7%   10269.2     0     0.00
 627  231685.1   227336.2    4348.9     53.0    1.2%    4295.9     0     0.00
 628  276850.9   227220.6   49630.3    158.8    0.3%   49471.6     0     0.00
 629  252590.9   227750.3   24840.7     84.4    0.3%   24756.2     0     0.00
 630  231086.9   227502.0    3584.9     44.3    1.2%    3540.6     0     0.00
 631  237879.7   227459.0   10420.7     65.7    0.6%   10355.0     0     0.00
 632  241400.5   227675.0   13725.4     73.3    0.5%   13652.1     0     0.00
 633  231191.6   227606.1    3585.5     41.6    1.2%    3543.8     0     0.00
 634  254821.1   231496.4   23324.7     74.1    0.3%   23250.6     0     0.00
 635  234651.0   231041.9    3609.1     41.0    1.1%    3568.1     0     0.00
 636  279857.7   229976.7   49881.0    180.7    0.4%   49700.3     0     0.00
 637  261680.3   234576.8   27103.5     89.2    0.3%   27014.3     0     0.00
 638  261625.2   234593.3   27031.9     86.2    0.3%   26945.6     0     0.00
 639  238060.3   234422.0    3638.3     43.3    1.2%    3595.0     0     0.00
 640  254956.7   236376.6   18580.1     62.6    0.3%   18517.5     0     0.00
 641  243518.3   234716.2    8802.1     59.2    0.7%    8743.0     0     0.00
 642  254113.3   234240.4   19872.9     65.3    0.3%   19807.6     0     0.00
 643  262585.8   234065.6   28520.2     91.3    0.3%   28428.9     0     0.00
 644  266075.7   248490.9   17584.9     88.0    0.5%   17496.8     0     0.00
 645  262180.1   248463.9   13716.2     75.8    0.6%   13640.4     0     0.00
 646  253006.8   249234.8    3771.9     43.9    1.2%    3728.0     0     0.00
 647  257374.1   252395.4    4978.6     70.2    1.4%    4908.5     0     0.00
 648  261378.5   253537.5    7841.0     60.4    0.8%    7780.6     0     0.00
 649  263268.6   253237.2   10031.4     65.5    0.7%    9965.8     0     0.00
 650  300487.4   255484.6   45002.8    185.6    0.4%   44817.3     0     0.00
 651  258976.7   255392.1    3584.6     65.1    1.8%    3519.5     0     0.00
 652  275151.3   255296.2   19855.1    123.7    0.6%   19731.4     0     0.00
 653  320944.9   255310.7   65634.2    259.5    0.4%   65374.7     0     0.00
 654  258566.7   254999.3    3567.4     62.2    1.7%    3505.2     0     0.00
 655  258133.4   254566.0    3567.4     62.2    1.7%    3505.2     0     0.00
 656  273786.7   254511.0   19275.7    119.8    0.6%   19155.9     0     0.00
 657  285415.2   253883.3   31531.9    141.2    0.4%   31390.8     0     0.00
 658  300115.1   253685.1   46430.1    186.2    0.4%   46243.9     0     0.00
 659  257580.6   253234.1    4346.5     45.1    1.0%    4301.5     0     0.00
 660  259745.9   252218.2    7527.7     36.3    0.5%    7491.5     0     0.00
 661  270704.2   253221.7   17482.4    120.2    0.7%   17362.3     0     0.00
 662  257364.0   253765.0    3598.9     42.8    1.2%    3556.1     0     0.00
 663  288949.4   253035.4   35914.1    152.3    0.4%   35761.7     0     0.00
 664  269783.3   252090.6   17692.8    117.6    0.7%   17575.2     0     0.00
 665  273776.2   255598.5   18177.6    122.6    0.7%   18055.1     0     0.00
 666  286408.9   255392.2   31016.7    137.6    0.4%   30879.1     0     0.00
 667  278602.5   255759.1   22843.4    133.7    0.6%   22709.7     0     0.00
 668  263922.5   254503.0    9419.5     88.0    0.9%    9331.5     0     0.00
 669  257906.3   254282.1    3624.2     60.7    1.7%    3563.5     0     0.00
 670  260928.7   256591.6    4337.1     69.5    1.6%    4267.6     0     0.00
 671  260218.8   255881.7    4337.0     69.5    1.6%    4267.6     0     0.00
 672  279458.6   255832.4   23626.2    115.3    0.5%   23510.9     0     0.00
 673  258490.5   254912.1    3578.4     63.9    1.8%    3514.5     0     0.00
 674  259807.5   256261.7    3545.8     67.7    1.9%    3478.0     0     0.00
 675  259696.9   256182.9    3514.0     68.0    1.9%    3445.9     0     0.00
 676  268664.7   255635.7   13029.0    102.2    0.8%   12926.7     0     0.00
 677  294879.9   256402.6   38477.3    140.6    0.4%   38336.7     0     0.00
 678  321898.2   256200.9   65697.3    241.7    0.4%   65455.6     0     0.00
 679  263132.4   256132.2    7000.2     64.3    0.9%    6935.9     0     0.00
 680  260698.9   257210.7    3488.2     49.9    1.4%    3438.3     0     0.00
 681  259815.6   256327.0    3488.7     50.2    1.4%    3438.4     0     0.00
 682  258664.5   255176.9    3487.6     49.2    1.4%    3438.4     0     0.00
 683  273769.8   255643.0   18126.8     93.5    0.5%   18033.3     0     0.00
 684  283241.5   255651.4   27590.1    102.3    0.4%   27487.8     0     0.00
 685  262981.1   254919.7    8061.4     63.3    0.8%    7998.1     0     0.00
 686  268252.9   254896.1   13356.9     79.4    0.6%   13277.5     0     0.00
 687  284049.0   254766.9   29282.1    106.5    0.4%   29175.6     0     0.00
 688  277270.1   255317.8   21952.2     81.8    0.4%   21870.5     0     0.00
 689  261318.7   256532.5    4786.1     52.7    1.1%    4733.4     0     0.00
 690  297048.4   256552.1   40496.2    134.6    0.3%   40361.6     0     0.00
 691  260728.7   256397.7    4331.0     48.9    1.1%    4282.1     0     0.00
 692  395557.9   256102.5  139455.4    438.2    0.3%  139017.2     0     0.00
 693  264295.3   255522.7    8772.6     61.9    0.7%    8710.8     0     0.00
 694  258140.1   254621.0    3519.1     44.4    1.3%    3474.7     0     0.00
 695  263958.4   254078.6    9879.8     62.8    0.6%    9816.9     0     0.00
 696  307009.9   253929.0   53080.9    194.9    0.4%   52886.0     0     0.00
 697  266851.2   253463.3   13387.9     71.5    0.5%   13316.5     0     0.00
 698  290889.5   251716.7   39172.8    126.6    0.3%   39046.2     0     0.00
 699  254787.5   251236.9    3550.5     41.8    1.2%    3508.7     0     0.00
 700  296391.7   254945.7   41446.0    148.9    0.4%   41297.1     0     0.00
 701  258516.4   254977.1    3539.3     41.6    1.2%    3497.7     0     0.00
 702  260900.8   257215.7    3685.1     25.8    0.7%    3659.3     0     0.00
 703  264629.9   260894.7    3735.2     44.1    1.2%    3691.1     0     0.00
 704  301444.8   260714.4   40730.4    175.4    0.4%   40555.0     0     0.00
 705  263984.1   260250.2    3733.8     42.9    1.1%    3690.9     0     0.00
 706  295159.9   260112.9   35046.9    156.1    0.4%   34890.8     0     0.00
 707  293739.7   259741.9   33997.8    149.9    0.4%   33847.9     0     0.00
 708  281193.2   264053.9   17139.2     83.7    0.5%   17055.5     0     0.00
 709  276131.8   267333.9    8797.9     62.8    0.7%    8735.1     0     0.00
 710  407430.3   267718.8  139711.5    458.0    0.3%  139253.5     0     0.00
 711  294537.2   267641.7   26895.5    133.9    0.5%   26761.6     0     0.00
 712  275240.6   270695.0    4545.6     47.6    1.0%    4498.0     0     0.00
 713  311575.8   270452.3   41123.5    184.2    0.4%   40939.3     0     0.00
 714  330584.7   271826.6   58758.1    215.3    0.4%   58542.8     0     0.00
 715  309296.0   271202.4   38093.6    170.3    0.4%   37923.3     0     0.00
 716  288990.9   270524.9   18466.0    102.3    0.6%   18363.7     0     0.00
 717  329933.2   269920.6   60012.7    217.6    0.4%   59795.1     0     0.00
 718  323597.1   273911.6   49685.4    189.7    0.4%   49495.8     0     0.00
 719  277543.5   273767.1    3776.4     63.7    1.7%    3712.7     0     0.00
 720  275671.2   271894.8    3776.4     63.7    1.7%    3712.7     0     0.00
 721  321733.3   274046.3   47687.0    183.9    0.4%   47503.1     0     0.00
 722  291379.4   272791.7   18587.7    110.6    0.6%   18477.0     0     0.00
 723  283940.4   271869.4   12071.0     84.4    0.7%   11986.6     0     0.00
 724  417052.1   277029.9  140022.3    463.2    0.3%  139559.1     0     0.00
 725  284208.3   279571.6    4636.7     69.9    1.5%    4566.8     0     0.00
 726  303174.2   279522.9   23651.3    137.8    0.6%   23513.5     0     0.00
 727  299917.8   278757.1   21160.7    122.2    0.6%   21038.5     0     0.00
 728  287281.5   278438.4    8843.0     82.7    0.9%    8760.4     0     0.00
 729  300841.7   278206.9   22634.9    128.6    0.6%   22506.3     0     0.00
 730  282913.8   279202.0    3711.7     70.9    1.9%    3640.8     0     0.00
 731  324491.8   279495.3   44996.5    177.6    0.4%   44818.9     0     0.00
 732  295476.5   279115.5   16361.0    107.4    0.7%   16253.7     0     0.00
 733  282518.7   278821.6    3697.1     68.1    1.8%    3629.0     0     0.00
 734  325762.8   278755.8   47007.0    204.3    0.4%   46802.7     0     0.00
 735  352927.4   278504.1   74423.4    270.1    0.4%   74153.3     0     0.00
 736  417840.4   277889.8  139950.6    480.0    0.3%  139470.6     0     0.00
 737  322698.2   277143.2   45555.0    160.1    0.4%   45394.9     0     0.00
 738  323117.1   277164.1   45952.9    181.4    0.4%   45771.5     0     0.00
 739  281406.6   277774.9    3631.7     43.3    1.2%    3588.4     0     0.00
 740  318265.1   277761.8   40503.3    140.7    0.3%   40362.6     0     0.00
 741  280923.2   277294.5    3628.8     41.2    1.1%    3587.6     0     0.00
 742  280913.3   277285.2    3628.2     40.8    1.1%    3587.4     0     0.00
 743  353962.4   281070.7   72891.7    243.2    0.3%   72648.5     0     0.00
 744  289389.5   281743.0    7646.5     58.5    0.8%    7588.0     0     0.00
 745  306597.5   281366.5   25231.0     97.1    0.4%   25133.9     0     0.00
 746  300636.5   281178.5   19457.9    104.1    0.5%   19353.8     0     0.00
 747  284787.0   281145.4    3641.6     44.0    1.2%    3597.5     0     0.00
 748  292838.4   280955.0   11883.4     71.0    0.6%   11812.4     0     0.00
 749  283784.8   280132.3    3652.5     43.1    1.2%    3609.4     0     0.00
 750  286507.5   279197.3    7310.2     52.9    0.7%    7257.3     0     0.00
 751  289065.0   285513.7    3551.3     44.7    1.3%    3506.6     0     0.00
 752  327755.1   285531.2   42223.9    169.9    0.4%   42054.0     0     0.00
 753  324907.6   286203.2   38704.4    140.8    0.4%   38563.6     0     0.00
 754  295288.0   285833.2    9454.8     68.6    0.7%    9386.2     0     0.00
 755  289148.8   285633.2    3515.6     41.9    1.2%    3473.7     0     0.00
 756  288942.6   285427.0    3515.6     41.9    1.2%    3473.7     0     0.00
 757  291013.9   287457.4    3556.5     50.6    1.4%    3505.8     0     0.00
 758  290202.1   286679.2    3522.8     54.6    1.5%    3468.3     0     0.00
 759  322975.7   286601.8   36373.9    134.0    0.4%   36239.9     0     0.00
 760  290096.0   286582.8    3513.2     47.4    1.3%    3465.8     0     0.00
 761  289567.2   286054.1    3513.1     47.4    1.3%    3465.8     0     0.00
 762  289502.9   285987.1    3515.8     48.6    1.4%    3467.2     0     0.00
 763  290879.6   283806.6    7073.0     56.7    0.8%    7016.3     0     0.00
 764  286716.4   283203.4    3513.1     46.0    1.3%    3467.1     0     0.00
 765  298563.3   283084.6   15478.7     56.2    0.4%   15422.5     0     0.00
 766  289608.3   282510.7    7097.6     55.0    0.8%    7042.5     0     0.00
 767  297575.1   282227.6   15347.5     53.9    0.4%   15293.6     0     0.00
 768  289386.4   281123.1    8263.2     37.1    0.4%    8226.1     0     0.00
 769  309920.2   282604.9   27315.4    112.2    0.4%   27203.2     0     0.00
 770  308567.3   282696.5   25870.8    105.9    0.4%   25764.9     0     0.00
 771  303638.0   295291.9    8346.1     58.7    0.7%    8287.3     0     0.00
 772  353253.4   295128.3   58125.2    228.4    0.4%   57896.7     0     0.00
 773  298461.6   294797.7    3663.9     41.7    1.1%    3622.2     0     0.00
 774  298410.1   294746.2    3663.9     41.7    1.1%    3622.2     0     0.00
 775  321863.9   294534.3   27329.6    122.0    0.4%   27207.6     0     0.00
 776  306764.9   298076.5    8688.4     82.5    0.9%    8606.0     0     0.00
 777  355887.5   299343.5   56544.0    225.2    0.4%   56318.8     0     0.00
 778  302160.5   298500.5    3659.9     44.9    1.2%    3615.0     0     0.00
 779  338892.1   298009.2   40882.8    157.6    0.4%   40725.2     0     0.00
 780  321832.8   298769.9   23062.8    111.2    0.5%   22951.6     0     0.00
 781  302288.0   298627.6    3660.4     43.6    1.2%    3616.8     0     0.00
 782  310313.1   301491.5    8821.6     86.6    1.0%    8735.0     0     0.00
 783  339537.2   301332.7   38204.4    148.7    0.4%   38055.7     0     0.00
 784  307902.0   300640.8    7261.1     79.0    1.1%    7182.1     0     0.00
 785  304613.0   301242.0    3371.1     64.9    1.9%    3306.2     0     0.00
 786  368094.1   300869.8   67224.4    230.4    0.3%   66993.9     0     0.00
 787  314336.1   300789.3   13546.9     81.1    0.6%   13465.8     0     0.00
 788  308570.4   299905.8    8664.6     81.7    0.9%    8582.9     0     0.00
 789  344897.0   299709.7   45187.3    164.2    0.4%   45023.0     0     0.00
 790  303120.6   299511.0    3609.5     63.4    1.8%    3546.1     0     0.00
 791  303715.7   300123.1    3592.5     46.8    1.3%    3545.8     0     0.00
 792  312600.4   298214.6   14385.9     61.3    0.4%   14324.5     0     0.00
 793  322150.8   299704.0   22446.8     84.5    0.4%   22362.3     0     0.00
 794  303202.3   299598.2    3604.2     45.0    1.2%    3559.2     0     0.00
 795  307242.3   298321.5    8920.8     62.0    0.7%    8858.8     0     0.00
 796  300210.6   296572.4    3638.2     44.4    1.2%    3593.9     0     0.00
 797  306535.9   296388.9   10147.1     47.5    0.5%   10099.5     0     0.00
 798  339267.0   298183.6   41083.4    168.4    0.4%   40915.0     0     0.00
 799  305799.1   296943.8    8855.3     61.0    0.7%    8794.4     0     0.00
 800  300502.0   296273.8    4228.2     65.4    1.5%    4162.8     0     0.00
 801  326123.4   297677.7   28445.7    112.8    0.4%   28332.9     0     0.00
 802  301028.1   297339.9    3688.2     61.5    1.7%    3626.7     0     0.00
 803  332974.4   296911.3   36063.0    130.5    0.4%   35932.6     0     0.00
 804  299086.6   295454.4    3632.2     25.5    0.7%    3606.7     0     0.00
 805  309900.9   294757.6   15143.3     57.1    0.4%   15086.2     0     0.00
 806  304635.6   297272.8    7362.8     55.2    0.7%    7307.7     0     0.00
 807  322270.3   297877.2   24393.2    100.9    0.4%   24292.2     0     0.00
 808  301946.1   298265.1    3681.0     44.6    1.2%    3636.3     0     0.00
 809  302023.5   298336.6    3686.9     44.1    1.2%    3642.8     0     0.00
 810  301544.1   297857.7    3686.3     43.5    1.2%    3642.8     0     0.00
 811  303519.9   299816.0    3704.0     43.3    1.2%    3660.7     0     0.00
 812  309993.5   301281.9    8711.5     56.4    0.6%    8655.1     0     0.00
 813  355935.7   304027.0   51908.7    201.0    0.4%   51707.7     0     0.00
 814  313807.8   306317.3    7490.4     53.3    0.7%    7437.1     0     0.00
 815  326888.1   306294.0   20594.1    109.4    0.5%   20484.6     0     0.00
 816  361003.1   310199.3   50803.9    200.3    0.4%   50603.5     0     0.00
 817  352192.3   309651.3   42541.0    170.9    0.4%   42370.1     0     0.00
 818  327695.4   309237.0   18458.4    106.1    0.6%   18352.4     0     0.00
 819  351469.1   311559.7   39909.4    167.5    0.4%   39741.9     0     0.00
 820  316549.3   312810.9    3738.4     45.4    1.2%    3692.9     0     0.00
 821  370323.7   313100.2   57223.5    222.0    0.4%   57001.5     0     0.00
 822  316223.9   312485.4    3738.5     43.3    1.2%    3695.2     0     0.00
 823  352367.2   313909.4   38457.7    166.0    0.4%   38291.8     0     0.00
 824  349722.4   320059.0   29663.5    118.9    0.4%   29544.6     0     0.00
 825  323370.0   319663.4    3706.6     66.3    1.8%    3640.3     0     0.00
 826  334679.0   321489.6   13189.5     76.6    0.6%   13112.8     0     0.00
 827  336623.0   321431.5   15191.5     81.1    0.5%   15110.4     0     0.00
 828  340646.2   321352.7   19293.5     89.5    0.5%   19204.0     0     0.00
 829  324456.1   320851.9    3604.2     66.5    1.8%    3537.7     0     0.00
 830  324082.6   320478.4    3604.2     66.5    1.8%    3537.7     0     0.00
 831  343852.8   320470.1   23382.8    119.4    0.5%   23263.3     0     0.00
 832  342727.3   320434.5   22292.8    117.6    0.5%   22175.2     0     0.00
 833  325569.6   319447.9    6121.7     74.7    1.2%    6047.0     0     0.00
 834  328762.2   319106.0    9656.1     64.5    0.7%    9591.7     0     0.00
 835  322611.6   319011.0    3600.7     65.2    1.8%    3535.5     0     0.00
 836  321622.4   318021.7    3600.6     65.1    1.8%    3535.5     0     0.00
 837  389765.9   318008.1   71757.8    244.4    0.3%   71513.4     0     0.00
 838  341235.6   318891.7   22343.9     95.5    0.4%   22248.3     0     0.00
 839  321697.5   318128.6    3568.9     42.1    1.2%    3526.8     0     0.00
 840  375418.0   317572.6   57845.4    201.8    0.3%   57643.6     0     0.00
 841  327694.1   317637.3   10056.9     42.1    0.4%   10014.8     0     0.00
 842  322055.7   318444.3    3611.4     44.4    1.2%    3567.0     0     0.00
 843  325476.5   318206.5    7270.0     51.9    0.7%    7218.1     0     0.00
 844  322986.2   317202.3    5783.9     66.1    1.1%    5717.7     0     0.00
 845  319713.8   316086.9    3626.9     60.1    1.7%    3566.8     0     0.00
 846  319436.6   315809.7    3626.9     60.0    1.7%    3566.8     0     0.00
 847  318873.9   315247.0    3626.9     60.0    1.7%    3566.8     0     0.00
 848  361838.1   314855.6   46982.5    189.0    0.4%   46793.5     0     0.00
 849  324568.3   317118.2    7450.1     51.6    0.7%    7398.5     0     0.00
 850  378669.6   320627.7   58041.8    199.9    0.3%   57841.9     0     0.00
 851  378060.9   323295.4   54765.5    191.8    0.4%   54573.7     0     0.00
 852  386102.2   326833.4   59268.9    240.5    0.4%   59028.3     0     0.00
 853  340053.5   323724.6   16328.8    101.5    0.6%   16227.3     0     0.00
 854  459764.8   324788.1  134976.6    444.9    0.3%  134531.8     0     0.00
 855  406998.2   324676.6   82321.6    313.8    0.4%   82007.8     0     0.00
 856  368935.8   323989.0   44946.7    165.4    0.4%   44781.3     0     0.00
 857  327073.0   323290.9    3782.1     61.3    1.6%    3720.8     0     0.00
 858  343164.8   322931.2   20233.7    115.7    0.6%   20118.0     0     0.00
 859  337796.3   322597.9   15198.4     77.9    0.5%   15120.5     0     0.00
 860  399985.8   322336.0   77649.8    281.2    0.4%   77368.6     0     0.00
 861  373522.0   321264.5   52257.5    207.5    0.4%   52050.0     0     0.00
 862  377132.9   323288.7   53844.3    217.3    0.4%   53627.0     0     0.00
 863  326645.0   322849.0    3796.0     42.8    1.1%    3753.2     0     0.00
 864  330513.7   326729.6    3784.1     68.8    1.8%    3715.3     0     0.00
 865  376432.2   325813.2   50619.0    212.0    0.4%   50407.0     0     0.00
 866  334144.8   325539.6    8605.3     81.1    0.9%    8524.2     0     0.00
 867  369413.1   326135.3   43277.8    159.8    0.4%   43118.0     0     0.00
 868  363720.4   325959.0   37761.3    142.5    0.4%   37618.8     0     0.00
 869  372104.0   327019.0   45085.0    171.2    0.4%   44913.8     0     0.00
 870  337532.4   327052.7   10479.7     67.9    0.6%   10411.9     0     0.00
 871  331672.8   327197.9    4475.0     46.4    1.0%    4428.5     0     0.00
 872  358181.4   327016.6   31164.8    106.3    0.3%   31058.5     0     0.00
 873  369708.4   331812.2   37896.3    167.1    0.4%   37729.2     0     0.00
 874  335054.5   331162.3    3892.2     62.1    1.6%    3830.0     0     0.00
 875  333413.3   329539.5    3873.8     43.3    1.1%    3830.5     0     0.00
 876  358366.9   333157.5   25209.4    105.1    0.4%   25104.3     0     0.00
 877  336478.9   332734.5    3744.4     66.5    1.8%    3677.9     0     0.00
 878  341943.1   332332.4    9610.7     83.1    0.9%    9527.5     0     0.00
 879  408867.3   332014.3   76853.0    255.4    0.3%   76597.5     0     0.00
 880  358103.0   331626.2   26476.8     88.2    0.3%   26388.6     0     0.00
 881  357686.8   330772.1   26914.7     89.1    0.3%   26825.6     0     0.00
 882  374950.7   329480.2   45470.5    185.1    0.4%   45285.4     0     0.00
 883  333493.0   329797.6    3695.4     42.7    1.2%    3652.8     0     0.00
 884  371971.5   334388.6   37582.9    160.3    0.4%   37422.7     0     0.00
 885  337723.2   334240.9    3482.3     44.2    1.3%    3438.1     0     0.00
 886  337542.8   334060.5    3482.3     44.1    1.3%    3438.1     0     0.00
 887  339330.5   333708.1    5622.4     52.0    0.9%    5570.4     0     0.00
 888  337950.3   334463.9    3486.4     42.3    1.2%    3444.1     0     0.00
 889  346438.1   334096.7   12341.4     64.6    0.5%   12276.7     0     0.00
 890  342675.6   335576.0    7099.6     53.7    0.8%    7045.9     0     0.00
 891  381336.5   335520.8   45815.7    180.6    0.4%   45635.1     0     0.00
 892  423317.2   335177.4   88139.7    284.1    0.3%   87855.6     0     0.00
 893  352428.3   348797.0    3631.3     44.3    1.2%    3587.0     0     0.00
 894  351797.1   348167.3    3629.8     43.4    1.2%    3586.4     0     0.00
 895  355118.3   350376.7    4741.6     72.8    1.5%    4668.8     0     0.00
 896  353791.2   350179.4    3611.8     66.2    1.8%    3545.7     0     0.00
 897  407645.2   349925.6   57719.7    215.9    0.4%   57503.8     0     0.00
 898  352159.3   348547.6    3611.7     66.1    1.8%    3545.7     0     0.00
 899  351030.4   347418.7    3611.7     66.0    1.8%    3545.7     0     0.00
 900  358013.9   348030.9    9983.1     96.7    1.0%    9886.4     0     0.00
 901  406466.6   347388.0   59078.6    220.7    0.4%   58857.9     0     0.00
 902  372051.7   346091.3   25960.4    147.9    0.6%   25812.5     0     0.00
 903  354442.6   345189.7    9252.8     91.9    1.0%    9160.9     0     0.00
 904  364148.5   345595.9   18552.6    107.4    0.6%   18445.2     0     0.00
 905  358060.0   345061.8   12998.2    109.3    0.8%   12888.9     0     0.00
 906  349802.0   344368.0    5434.0     75.0    1.4%    5359.0     0     0.00
 907  348564.6   345063.9    3500.7     47.9    1.4%    3452.8     0     0.00
 908  379988.4   344405.2   35583.2    135.9    0.4%   35447.3     0     0.00
 909  353057.3   344574.9    8482.4     89.6    1.1%    8392.8     0     0.00
 910  347854.2   344371.6    3482.5     63.1    1.8%    3419.5     0     0.00
 911  386999.0   344067.3   42931.7    171.3    0.4%   42760.4     0     0.00
 912  347841.9   344378.8    3463.1     44.7    1.3%    3418.4     0     0.00
 913  347624.1   344161.0    3463.0     44.6    1.3%    3418.4     0     0.00
 914  349979.9   343926.6    6053.3     57.2    0.9%    5996.1     0     0.00
 915  360956.0   344940.0   16016.0     93.2    0.6%   15922.8     0     0.00
 916  348314.2   344845.7    3468.5     46.4    1.3%    3422.1     0     0.00
 917  348195.7   344728.2    3467.6     45.7    1.3%    3421.9     0     0.00
 918  349584.1   346158.3    3425.8     50.0    1.5%    3375.8     0     0.00
 919  349202.1   345746.0    3456.1     50.1    1.5%    3406.0     0     0.00
 920  349066.6   345613.3    3453.4     47.3    1.4%    3406.0     0     0.00
 921  407585.5   342570.9   65014.7    236.0    0.4%   64778.7     0     0.00
 922  355660.4   342550.5   13109.9     82.8    0.6%   13027.1     0     0.00
 923  375513.4   342700.5   32812.9    118.6    0.4%   32694.3     0     0.00
 924  345482.9   342028.9    3454.0     48.2    1.4%    3405.8     0     0.00
 925  365593.5   341470.7   24122.7    110.6    0.5%   24012.1     0     0.00
 926  345024.6   341570.5    3454.1     47.4    1.4%    3406.7     0     0.00
 927  347776.0   340854.1    6921.9     60.2    0.9%    6861.7     0     0.00
 928  393087.5   340682.2   52405.3    188.0    0.4%   52217.2     0     0.00
 929  343508.0   340054.5    3453.4     45.9    1.3%    3407.5     0     0.00
 930  343201.9   339748.2    3453.7     46.3    1.3%    3407.4     0     0.00
 931  352676.8   337966.9   14709.9     82.9    0.6%   14627.0     0     0.00
 932  343039.5   339576.3    3463.2     46.5    1.3%    3416.7     0     0.00
 933  356360.4   339561.7   16798.7     66.4    0.4%   16732.3     0     0.00
 934  342986.2   339524.1    3462.0     45.2    1.3%    3416.9     0     0.00
 935  387498.0   337859.9   49638.1    158.1    0.3%   49480.0     0     0.00
 936  342188.2   338719.8    3468.4     44.8    1.3%    3423.6     0     0.00
 937  342173.6   338705.3    3468.3     44.8    1.3%    3423.6     0     0.00
 938  361163.3   338752.4   22410.9     96.7    0.4%   22314.2     0     0.00
 939  345391.9   338459.7    6932.1     54.2    0.8%    6877.9     0     0.00
 940  345378.3   338415.9    6962.4     54.0    0.8%    6908.5     0     0.00
 941  377999.1   339446.1   38553.0    121.2    0.3%   38431.8     0     0.00
 942  382952.5   339316.5   43636.1    133.2    0.3%   43502.9     0     0.00
 943  386478.1   338452.5   48025.6    168.6    0.4%   47857.0     0     0.00
 944  381903.9   338885.9   43018.1    128.1    0.3%   42889.9     0     0.00
 945  394111.1   338411.8   55699.3    195.4    0.4%   55503.9     0     0.00
 946  356682.0   335711.4   20970.6     69.9    0.3%   20900.7     0     0.00
 947  366978.2   340234.0   26744.1     90.1    0.3%   26654.0     0     0.00
 948  446891.8   339883.8  107007.9    277.6    0.3%  106730.4     0     0.00
 949  351377.7   346982.2    4395.5     63.0    1.4%    4332.5     0     0.00
 950  355168.4   345518.2    9650.2     59.6    0.6%    9590.6     0     0.00
 951  353357.0   343774.4    9582.6     59.3    0.6%    9523.3     0     0.00
 952  351768.1   343720.4    8047.7     72.2    0.9%    7975.5     0     0.00
 953  349849.6   343370.4    6479.2     50.0    0.8%    6429.2     0     0.00
 954  399860.1   347695.6   52164.5    180.1    0.3%   51984.3     0     0.00
 955  350857.3   347141.1    3716.2     42.8    1.2%    3673.4     0     0.00
 956  353425.0   349042.0    4382.9     64.9    1.5%    4318.0     0     0.00
 957  371266.7   351046.4   20220.3     86.7    0.4%   20133.7     0     0.00
 958  355452.4   351793.1    3659.3     45.2    1.2%    3614.2     0     0.00
 959  381351.1   351500.3   29850.8    136.4    0.5%   29714.4     0     0.00
 960  403495.9   351283.9   52212.0    175.8    0.3%   52036.2     0     0.00
 961  353970.1   350311.9    3658.2     43.5    1.2%    3614.6     0     0.00
 962  354010.4   349574.3    4436.1     44.2    1.0%    4391.9     0     0.00
 963  381844.1   351315.1   30528.9    141.4    0.5%   30387.5     0     0.00
 964  371406.6   357357.1   14049.4     93.5    0.7%   13955.9     0     0.00
 965  395173.8   357109.8   38064.0    141.7    0.4%   37922.3     0     0.00
 966  362709.6   356594.7    6114.9     48.4    0.8%    6066.5     0     0.00
 967  386909.2   356419.9   30489.4    124.1    0.4%   30365.2     0     0.00
 968  400994.4   356062.8   44931.6    155.4    0.3%   44776.3     0     0.00
 969  413039.3   355632.4   57407.0    178.8    0.3%   57228.2     0     0.00
 970  377519.8   366891.0   10628.8     90.6    0.9%   10538.2     0     0.00
 971  418375.3   365999.8   52375.5    163.3    0.3%   52212.2     0     0.00
 972  377944.7   365980.5   11964.2     93.3    0.8%   11870.9     0     0.00
 973  483279.6   365734.2  117545.5    286.0    0.2%  117259.4     0     0.00
 974  369545.4   365892.7    3652.7     66.4    1.8%    3586.3     0     0.00
 975  418561.8   365813.6   52748.2    159.7    0.3%   52588.4     0     0.00
 976  400214.8   365445.0   34769.8    125.1    0.4%   34644.7     0     0.00
 977  368928.6   365280.2    3648.4     64.6    1.8%    3583.8     0     0.00
 978  374239.3   364187.7   10051.6     84.1    0.8%    9967.5     0     0.00
 979  380534.3   361768.9   18765.5     89.9    0.5%   18675.6     0     0.00
 980  373698.4   362148.4   11550.0     89.9    0.8%   11460.1     0     0.00
 981  365479.4   361863.9    3615.4     44.3    1.2%    3571.1     0     0.00
 982  364352.2   360736.8    3615.4     44.3    1.2%    3571.1     0     0.00
 983  367673.9   360342.4    7331.5     53.8    0.7%    7277.7     0     0.00
 984  363836.6   360221.3    3615.3     44.1    1.2%    3571.1     0     0.00
 985  366280.3   362657.5    3622.8     42.8    1.2%    3580.0     0     0.00
 986  366652.8   363003.0    3649.8     42.7    1.2%    3607.1     0     0.00
 987  368552.0   362669.8    5882.2     69.4    1.2%    5812.8     0     0.00
 988  403722.0   362665.4   41056.6    129.7    0.3%   40926.9     0     0.00
 989  406598.0   364164.3   42433.7    129.7    0.3%   42304.0     0     0.00
 990  425382.6   363899.8   61482.8    163.6    0.3%   61319.2     0     0.00
 991  415057.9   362600.8   52457.1    146.8    0.3%   52310.3     0     0.00
 992  370496.2   360925.2    9570.9     42.8    0.4%    9528.1     0     0.00
 993  364381.9   360767.9    3614.0     47.3    1.3%    3566.8     0     0.00
 994  404497.7   360379.5   44118.1    112.4    0.3%   44005.7     0     0.00
 995  368041.3   360857.4    7183.9     35.8    0.5%    7148.1     0     0.00
 996  364810.5   361248.5    3561.9     28.4    0.8%    3533.5     0     0.00
 997  364187.4   360629.9    3557.4     27.3    0.8%    3530.2     0     0.00
 998  371004.2   360735.7   10268.5     40.9    0.4%   10227.6     0     0.00
 999  364198.7   360611.9    3586.7     23.3    0.6%    3563.5     0     0.00
