共 1000 条请求，成功 1000，失败 0

===== 汇总（仅成功请求） =====
  latency（端到端）                 n=1000 mean=208067.98ms  p50=220137.88  p90=344855.86  p99=400388.15  min=  2912.29  max=449143.58
  P端prefill+网络（推算）             n=1000 mean=185757.54ms  p50=198747.92  p90=325959.18  p99=353952.75  min=    44.76  max=355494.03
  D端总耗时（排队+decode）             n=1000 mean= 22310.44ms  p50= 10498.70  p90= 52457.27  p99=138767.08  min=  2854.96  max=140239.99
  D端排队+调度（推算）                  n=1000 mean=   104.57ms  p50=    73.99  p90=   195.61  p99=   421.25  min=    24.37  max=   489.84
  D端排队占比                       n=1000 mean=     0.80%  p50=     0.66  p90=     1.38  p99=     1.84  min=     0.27  max=     2.08
  D端GPU decode（纯算）             n=1000 mean= 22205.87ms  p50= 10428.69  p90= 52291.30  p99=138318.42  min=  2818.89  max=139753.37
  轮均GPU耗时                      无数据

===== 逐轮 GPU forward 耗时分布（所有请求合并） =====
  每轮 forward                   无数据

===== 逐请求明细 =====
 idx   latency     P端(推算)       D端总       排队     排队%       GPU    轮数       轮均
   0   30607.5       47.2   30560.3    153.3    0.5%   30407.0     0     0.00
   1    2912.3       57.3    2855.0     36.1    1.3%    2818.9     0     0.00
   2    7155.2       78.6    7076.5     54.8    0.8%    7021.8     0     0.00
   3    2976.0       62.9    2913.1     39.1    1.3%    2874.0     0     0.00
   4    2994.5       73.9    2920.6     38.4    1.3%    2882.2     0     0.00
   5   20356.7       78.1   20278.6    131.7    0.6%   20146.9     0     0.00
   6   44134.0       69.8   44064.2    220.6    0.5%   43843.6     0     0.00
   7   28634.4       72.5   28561.9    171.0    0.6%   28390.9     0     0.00
   8   27073.2       87.3   26986.0    164.6    0.6%   26821.3     0     0.00
   9    8333.7       61.9    8271.8     61.1    0.7%    8210.7     0     0.00
  10    7231.2       76.6    7154.6     53.4    0.7%    7101.3     0     0.00
  11   54075.1       84.8   53990.3    252.3    0.5%   53737.9     0     0.00
  12   19110.3       79.3   19031.1    128.2    0.7%   18902.9     0     0.00
  13   18642.4       81.9   18560.4    126.9    0.7%   18433.5     0     0.00
  14    3103.6       77.5    3026.2     38.6    1.3%    2987.6     0     0.00
  15    7897.8       89.4    7808.4     82.2    1.1%    7726.2     0     0.00
  16   22235.4       67.5   22167.9    143.9    0.6%   22024.0     0     0.00
  17   32333.9       77.7   32256.2    181.4    0.6%   32074.8     0     0.00
  18   37754.7       84.3   37670.3    179.0    0.5%   37491.4     0     0.00
  19    3240.4       76.7    3163.7     44.2    1.4%    3119.5     0     0.00
  20    3253.8       90.4    3163.4     43.0    1.4%    3120.4     0     0.00
  21   37546.8       79.6   37467.2    197.7    0.5%   37269.5     0     0.00
  22   63172.0       67.8   63104.2    273.9    0.4%   62830.3     0     0.00
  23   32829.3       66.2   32763.1    182.8    0.6%   32580.3     0     0.00
  24   55662.7       92.9   55569.8    230.9    0.4%   55338.9     0     0.00
  25   56138.9       88.9   56050.1    232.0    0.4%   55818.0     0     0.00
  26    3294.6       76.8    3217.8     66.8    2.1%    3151.0     0     0.00
  27    6395.7       92.8    6302.9     77.1    1.2%    6225.9     0     0.00
  28    5763.6       86.9    5676.7     74.1    1.3%    5602.6     0     0.00
  29  135515.9       94.7  135421.2    459.0    0.3%  134962.2     0     0.00
  30   22496.4       76.2   22420.2    146.0    0.7%   22274.1     0     0.00
  31    4019.2       91.5    3927.7     66.1    1.7%    3861.6     0     0.00
  32    3295.8       80.2    3215.6     63.3    2.0%    3152.2     0     0.00
  33   34092.8       75.1   34017.8    182.9    0.5%   33834.9     0     0.00
  34   56322.4       90.0   56232.5    228.5    0.4%   56003.9     0     0.00
  35    4952.7       44.8    4907.9     48.2    1.0%    4859.7     0     0.00
  36   35611.6       95.6   35516.0    166.3    0.5%   35349.7     0     0.00
  37   36490.0       93.8   36396.1    170.5    0.5%   36225.7     0     0.00
  38    7847.2       70.0    7777.2     59.6    0.8%    7717.6     0     0.00
  39    4098.1       82.7    4015.4     44.5    1.1%    3970.9     0     0.00
  40    6582.5       71.6    6510.9     53.7    0.8%    6457.2     0     0.00
  41   21917.2       83.1   21834.1    119.2    0.5%   21714.9     0     0.00
  42   10977.3       80.0   10897.3     78.3    0.7%   10819.0     0     0.00
  43    6667.1       47.6    6619.4     57.0    0.9%    6562.5     0     0.00
  44   26546.1       85.9   26460.2    129.4    0.5%   26330.8     0     0.00
  45    3384.0       81.5    3302.5     43.1    1.3%    3259.4     0     0.00
  46   43364.2       96.4   43267.8    162.0    0.4%   43105.8     0     0.00
  47    3426.9       90.8    3336.1     44.2    1.3%    3291.9     0     0.00
  48    3428.7       91.1    3337.6     45.3    1.4%    3292.3     0     0.00
  49    3437.5       99.4    3338.1     43.9    1.3%    3294.2     0     0.00
  50   60835.0       72.0   60763.0    248.6    0.4%   60514.3     0     0.00
  51    3422.4       76.3    3346.1     45.0    1.3%    3301.1     0     0.00
  52  137190.0      102.1  137087.9    426.4    0.3%  136661.5     0     0.00
  53    3458.5       80.7    3377.8     46.0    1.4%    3331.8     0     0.00
  54    3790.2       98.2    3692.0     47.5    1.3%    3644.5     0     0.00
  55    3502.6       89.0    3413.6     46.0    1.3%    3367.6     0     0.00
  56   15476.5       84.4   15392.0     89.8    0.6%   15302.2     0     0.00
  57    3482.9       63.7    3419.2     46.0    1.3%    3373.2     0     0.00
  58    3507.5       86.2    3421.3     46.9    1.4%    3374.5     0     0.00
  59    8276.0       74.4    8201.6     67.4    0.8%    8134.2     0     0.00
  60    6891.4       59.9    6831.5     60.3    0.9%    6771.2     0     0.00
  61    3883.0      473.2    3409.9     48.4    1.4%    3361.5     0     0.00
  62   34233.1      331.1   33902.0    123.7    0.4%   33778.3     0     0.00
  63   25913.1      734.8   25178.3    120.3    0.5%   25058.0     0     0.00
  64   37889.6      210.7   37679.0    130.0    0.3%   37549.0     0     0.00
  65    3882.7      479.8    3402.9     48.1    1.4%    3354.8     0     0.00
  66    3688.0      287.0    3401.0     45.3    1.3%    3355.7     0     0.00
  67   42817.8       89.3   42728.5    172.0    0.4%   42556.5     0     0.00
  68    3502.0       88.0    3414.0     44.3    1.3%    3369.7     0     0.00
  69    3515.3       94.0    3421.3     45.1    1.3%    3376.2     0     0.00
  70    6979.3       96.2    6883.1     54.2    0.8%    6828.9     0     0.00
  71   16922.5       75.0   16847.5     86.9    0.5%   16760.6     0     0.00
  72   12330.9       92.9   12238.0     67.7    0.6%   12170.3     0     0.00
  73    6220.0     2766.4    3453.7     42.4    1.2%    3411.3     0     0.00
  74   40260.3     2190.9   38069.4    146.5    0.4%   37922.9     0     0.00
  75    3761.5      305.8    3455.7     41.1    1.2%    3414.6     0     0.00
  76   11262.7     3668.9    7593.8     56.6    0.7%    7537.3     0     0.00
  77   25714.5     4099.7   21614.8     80.4    0.4%   21534.4     0     0.00
  78   48424.5     4041.1   44383.4    181.6    0.4%   44201.8     0     0.00
  79   38525.8     9848.1   28677.7    149.2    0.5%   28528.4     0     0.00
  80   35528.3     7871.2   27657.1    143.8    0.5%   27513.3     0     0.00
  81   10630.2     7133.4    3496.8     65.5    1.9%    3431.3     0     0.00
  82   12350.4     7307.9    5042.5     53.9    1.1%    4988.6     0     0.00
  83   20466.0     6324.1   14141.9     76.5    0.5%   14065.4     0     0.00
  84    9639.5     6191.1    3448.3     47.8    1.4%    3400.5     0     0.00
  85   32798.7     6055.8   26743.0    119.0    0.4%   26623.9     0     0.00
  86    8139.4     4694.1    3445.3     45.2    1.3%    3400.1     0     0.00
  87   22742.1     4261.8   18480.2     66.4    0.4%   18413.9     0     0.00
  88   10892.0     3988.4    6903.6     54.8    0.8%    6848.8     0     0.00
  89  143015.4     3928.1  139087.3    397.7    0.3%  138689.5     0     0.00
  90   34566.5     3561.5   31005.0    137.6    0.4%   30867.4     0     0.00
  91  143446.9     4153.1  139293.8    399.1    0.3%  138894.7     0     0.00
  92   49590.2     4472.0   45118.2    156.8    0.3%   44961.5     0     0.00
  93   32129.6     4599.8   27529.8    126.7    0.5%   27403.1     0     0.00
  94    7592.1     4125.5    3466.6     41.3    1.2%    3425.2     0     0.00
  95   59911.4     3038.4   56873.1    180.8    0.3%   56692.3     0     0.00
  96   24751.3    15352.6    9398.7     80.4    0.9%    9318.3     0     0.00
  97   32170.8    14525.1   17645.7    122.5    0.7%   17523.2     0     0.00
  98   76665.2    17390.5   59274.7    202.1    0.3%   59072.7     0     0.00
  99   26833.4    16978.4    9855.0     94.0    1.0%    9761.0     0     0.00
 100   77318.3    17266.1   60052.2    204.0    0.3%   59848.3     0     0.00
 101   36027.8    17272.7   18755.1    125.1    0.7%   18630.0     0     0.00
 102   19790.0    16285.5    3504.5     60.0    1.7%    3444.4     0     0.00
 103   63432.0    15865.7   47566.4    170.3    0.4%   47396.1     0     0.00
 104   19257.0    15752.6    3504.4     59.9    1.7%    3444.4     0     0.00
 105   18905.3    15401.0    3504.3     59.9    1.7%    3444.4     0     0.00
 106   75467.9    15070.2   60397.7    204.3    0.3%   60193.5     0     0.00
 107   23905.5    16770.4    7135.0     63.7    0.9%    7071.4     0     0.00
 108   71620.3    18241.9   53378.4    164.3    0.3%   53214.1     0     0.00
 109   23017.4    19454.9    3562.6     55.4    1.6%    3507.1     0     0.00
 110   37746.4    18999.9   18746.5    103.5    0.6%   18643.0     0     0.00
 111   22409.4    18822.1    3587.3     53.1    1.5%    3534.3     0     0.00
 112   22103.7    18552.0    3551.7     51.4    1.4%    3500.3     0     0.00
 113   22120.0    18571.0    3549.0     48.9    1.4%    3500.1     0     0.00
 114   28215.4    18473.7    9741.6     73.9    0.8%    9667.7     0     0.00
 115   36829.0    18377.1   18451.9     96.1    0.5%   18355.8     0     0.00
 116   60434.6    18037.1   42397.5    129.6    0.3%   42267.9     0     0.00
 117   20637.5    17083.4    3554.1     49.1    1.4%    3505.0     0     0.00
 118   19836.5    16282.4    3554.0     49.0    1.4%    3505.0     0     0.00
 119   49380.3    15582.6   33797.7    109.6    0.3%   33688.1     0     0.00
 120   18288.7    14733.9    3554.8     49.1    1.4%    3505.7     0     0.00
 121  154580.0    14620.6  139959.4    421.2    0.3%  139538.2     0     0.00
 122   62024.5    13795.3   48229.2    137.3    0.3%   48091.9     0     0.00
 123   59401.2    13269.7   46131.5    131.8    0.3%   45999.7     0     0.00
 124  138964.1    14212.3  124751.9    365.4    0.3%  124386.5     0     0.00
 125   21653.5    16411.0    5242.5     57.0    1.1%    5185.5     0     0.00
 126   29803.2    16441.4   13361.7     73.1    0.5%   13288.6     0     0.00
 127   52107.8    15802.2   36305.6    105.1    0.3%   36200.5     0     0.00
 128   71110.9    15755.3   55355.6    156.4    0.3%   55199.2     0     0.00
 129   70911.3    15695.0   55216.3    153.9    0.3%   55062.4     0     0.00
 130   52050.9    15305.8   36745.1    103.5    0.3%   36641.6     0     0.00
 131   49860.0    15963.2   33896.9     95.7    0.3%   33801.2     0     0.00
 132   78246.6    15989.2   62257.4    173.4    0.3%   62084.0     0     0.00
 133   36235.3    16064.8   20170.5     63.9    0.3%   20106.6     0     0.00
 134   25174.5    21641.5    3532.9     40.0    1.1%    3492.9     0     0.00
 135   62860.6    59275.6    3585.0     42.4    1.2%    3542.6     0     0.00
 136   62735.6    59152.0    3583.5     41.3    1.2%    3542.2     0     0.00
 137   75707.5    61285.8   14421.7     77.7    0.5%   14344.0     0     0.00
 138   71532.1    61876.8    9655.3     64.5    0.7%    9590.8     0     0.00
 139   66214.7    61714.7    4500.0     48.7    1.1%    4451.3     0     0.00
 140   69994.4    62091.4    7903.0     58.8    0.7%    7844.2     0     0.00
 141   86416.6    62114.7   24301.9    104.2    0.4%   24197.8     0     0.00
 142   66389.6    61866.8    4522.7     46.9    1.0%    4475.9     0     0.00
 143   71237.2    61595.5    9641.7     61.6    0.6%    9580.1     0     0.00
 144   67044.0    62802.2    4241.8     47.2    1.1%    4194.6     0     0.00
 145   75024.3    62782.4   12241.8     69.9    0.6%   12171.9     0     0.00
 146   73664.6    61630.1   12034.5     68.5    0.6%   11966.0     0     0.00
 147  125798.2    61651.1   64147.1    203.9    0.3%   63943.1     0     0.00
 148   89515.6    61536.2   27979.5    114.0    0.4%   27865.4     0     0.00
 149   73962.0    61070.5   12891.6     73.3    0.6%   12818.3     0     0.00
 150   69025.9    60254.1    8771.8     57.8    0.7%    8714.0     0     0.00
 151   72455.1    64452.7    8002.4     58.8    0.7%    7943.5     0     0.00
 152  107842.3    64477.6   43364.6    151.5    0.3%   43213.1     0     0.00
 153   68177.6    64503.3    3674.3     43.0    1.2%    3631.3     0     0.00
 154   73058.4    63865.8    9192.6     62.3    0.7%    9130.3     0     0.00
 155   82828.8    63779.9   19048.9     87.0    0.5%   18961.9     0     0.00
 156   68523.0    63205.0    5318.0     47.5    0.9%    5270.5     0     0.00
 157   75387.5    66379.9    9007.7     61.6    0.7%    8946.1     0     0.00
 158   83237.5    66739.5   16498.0     81.7    0.5%   16416.3     0     0.00
 159   76872.0    69467.6    7404.5     56.2    0.8%    7348.3     0     0.00
 160   88894.4    67781.6   21112.8     92.9    0.4%   21019.8     0     0.00
 161   88805.0    67017.7   21787.4    114.6    0.5%   21672.8     0     0.00
 162  114888.2    66999.7   47888.5    154.7    0.3%   47733.8     0     0.00
 163  122750.2    66871.2   55879.0    178.6    0.3%   55700.4     0     0.00
 164  108575.6    66350.9   42224.7    141.3    0.3%   42083.4     0     0.00
 165   83963.5    66132.5   17831.1     80.7    0.5%   17750.4     0     0.00
 166   69387.7    65704.9    3682.7     44.0    1.2%    3638.8     0     0.00
 167   69847.0    66158.3    3688.7     43.3    1.2%    3645.4     0     0.00
 168   75225.1    66340.0    8885.0     73.2    0.8%    8811.8     0     0.00
 169  109084.9    72215.2   36869.6    125.4    0.3%   36744.2     0     0.00
 170   80849.7    72037.9    8811.8     58.0    0.7%    8753.7     0     0.00
 171   76078.3    70353.3    5725.0     49.1    0.9%    5676.0     0     0.00
 172   79321.9    69308.8   10013.2     59.4    0.6%    9953.8     0     0.00
 173  135143.0    69094.0   66049.1    239.2    0.4%   65809.9     0     0.00
 174   71896.0    68150.7    3745.2     42.0    1.1%    3703.2     0     0.00
 175   71709.8    67964.7    3745.2     42.0    1.1%    3703.2     0     0.00
 176  115749.4    70410.6   45338.8    169.0    0.4%   45169.9     0     0.00
 177  141211.4    69766.2   71445.2    265.8    0.4%   71179.4     0     0.00
 178   90636.2    69530.5   21105.7     87.6    0.4%   21018.2     0     0.00
 179  117084.8    71364.7   45720.1    169.9    0.4%   45550.2     0     0.00
 180  108233.3    76098.4   32134.9    132.0    0.4%   32002.9     0     0.00
 181   83967.0    75078.9    8888.0     57.9    0.7%    8830.1     0     0.00
 182   85322.2    77855.9    7466.3     53.0    0.7%    7413.3     0     0.00
 183  120657.0    77035.0   43622.0    172.2    0.4%   43449.8     0     0.00
 184   79999.3    75397.6    4601.7     63.6    1.4%    4538.1     0     0.00
 185   82820.4    74974.4    7846.0     52.9    0.7%    7793.1     0     0.00
 186  108876.0    74881.0   33994.9    134.8    0.4%   33860.2     0     0.00
 187  120339.8    73903.3   46436.5    180.8    0.4%   46255.6     0     0.00
 188   75847.2    72083.6    3763.6     60.5    1.6%    3703.1     0     0.00
 189   82406.3    71474.8   10931.5     59.1    0.5%   10872.4     0     0.00
 190  112369.1    71826.8   40542.3    142.9    0.4%   40399.4     0     0.00
 191  103613.7    95768.0    7845.7     74.8    1.0%    7770.9     0     0.00
 192  124209.6    95588.0   28621.5    148.3    0.5%   28473.2     0     0.00
 193  101377.3    97639.5    3737.8     43.2    1.2%    3694.6     0     0.00
 194  100850.7    97112.1    3738.6     44.8    1.2%    3693.8     0     0.00
 195  133435.0    97003.6   36431.4    185.4    0.5%   36246.1     0     0.00
 196  120443.0    97068.6   23374.4    126.9    0.5%   23247.5     0     0.00
 197  100771.7    97013.0    3758.7     62.9    1.7%    3695.8     0     0.00
 198  109347.7    96464.1   12883.6     91.8    0.7%   12791.8     0     0.00
 199  105213.2    96285.9    8927.3     77.9    0.9%    8849.4     0     0.00
 200  119070.1    95942.2   23128.0    126.6    0.5%   23001.4     0     0.00
 201  121419.3    95743.0   25676.3    138.4    0.5%   25537.9     0     0.00
 202  134385.7    94717.7   39668.0    197.8    0.5%   39470.2     0     0.00
 203  100937.7    97168.5    3769.2     44.5    1.2%    3724.7     0     0.00
 204  124534.1    97156.9   27377.2    149.8    0.5%   27227.4     0     0.00
 205  107031.7    97082.9    9948.8     84.8    0.9%    9864.0     0     0.00
 206  106831.3    96882.6    9948.7     84.8    0.9%    9864.0     0     0.00
 207  126653.2    94709.3   31943.9    167.4    0.5%   31776.5     0     0.00
 208   97888.3    94142.3    3746.0     25.0    0.7%    3721.0     0     0.00
 209  101427.3    97749.8    3677.6     67.4    1.8%    3610.2     0     0.00
 210  148930.3    97665.9   51264.4    222.2    0.4%   51042.2     0     0.00
 211  102109.2    97104.8    5004.4     69.9    1.4%    4934.5     0     0.00
 212  114490.8    96229.3   18261.5    118.0    0.6%   18143.5     0     0.00
 213  120876.8    94884.1   25992.7    145.2    0.6%   25847.5     0     0.00
 214  104790.1    95216.6    9573.5     70.6    0.7%    9502.8     0     0.00
 215  148600.3    94143.9   54456.4    232.1    0.4%   54224.3     0     0.00
 216   97194.3    93564.6    3629.7     48.3    1.3%    3581.4     0     0.00
 217   99295.8    95662.3    3633.5     49.5    1.4%    3584.0     0     0.00
 218  129781.9    93614.1   36167.8    171.6    0.5%   35996.2     0     0.00
 219  118626.5    93480.4   25146.1    131.3    0.5%   25014.8     0     0.00
 220   96466.0    92870.7    3595.3     47.0    1.3%    3548.3     0     0.00
 221  170314.5    92860.9   77453.7    267.6    0.3%   77186.1     0     0.00
 222  103846.3    92734.4   11112.0     70.9    0.6%   11041.0     0     0.00
 223   95119.6    91524.4    3595.2     46.9    1.3%    3548.3     0     0.00
 224   94999.6    91404.5    3595.2     46.8    1.3%    3548.3     0     0.00
 225  125669.2    90727.0   34942.2    163.6    0.5%   34778.6     0     0.00
 226   96036.2    92427.6    3608.6     47.9    1.3%    3560.7     0     0.00
 227  157927.1    92209.3   65717.8    233.6    0.4%   65484.2     0     0.00
 228  111445.9    91976.6   19469.3    102.4    0.5%   19366.9     0     0.00
 229   95547.9    91937.9    3610.0     46.6    1.3%    3563.5     0     0.00
 230   95375.5    91765.6    3610.0     46.5    1.3%    3563.5     0     0.00
 231  157813.4    90788.4   67025.0    236.6    0.4%   66788.4     0     0.00
 232  125807.3    90894.5   34912.9    163.1    0.5%   34749.8     0     0.00
 233  163943.5    89385.5   74558.0    273.4    0.4%   74284.5     0     0.00
 234  225615.6    88295.2  137320.5    417.9    0.3%  136902.6     0     0.00
 235   97250.6    89957.8    7292.8     53.1    0.7%    7239.7     0     0.00
 236  100272.9    90895.0    9377.9     67.9    0.7%    9310.0     0     0.00
 237   95725.5    91209.9    4515.7     45.3    1.0%    4470.4     0     0.00
 238   95976.5    92329.6    3646.9     42.1    1.2%    3604.8     0     0.00
 239  105233.9    96787.6    8446.2     83.9    1.0%    8362.3     0     0.00
 240  233250.3    95837.0  137413.3    413.3    0.3%  137000.0     0     0.00
 241  136405.9    95059.7   41346.2    165.8    0.4%   41180.5     0     0.00
 242  105755.3    95533.9   10221.4     77.2    0.8%   10144.2     0     0.00
 243  104446.1    95325.3    9120.8     70.5    0.8%    9050.3     0     0.00
 244  104547.3    94848.7    9698.6     73.6    0.8%    9625.0     0     0.00
 245  107794.5    94087.1   13707.4     94.3    0.7%   13613.2     0     0.00
 246   98287.9    93850.2    4437.7     53.9    1.2%    4383.8     0     0.00
 247  100591.4    93461.4    7130.0     57.4    0.8%    7072.6     0     0.00
 248   97032.4    93401.9    3630.6     47.0    1.3%    3583.6     0     0.00
 249  136752.2    93358.7   43393.4    164.2    0.4%   43229.3     0     0.00
 250   97639.6    93236.8    4402.8     49.2    1.1%    4353.5     0     0.00
 251   96531.9    92129.2    4402.7     49.2    1.1%    4353.5     0     0.00
 252  136114.2    91714.1   44400.1    165.6    0.4%   44234.5     0     0.00
 253   94687.4    91083.2    3604.2     46.0    1.3%    3558.2     0     0.00
 254   94674.2    91075.9    3598.3     44.2    1.2%    3554.1     0     0.00
 255  117496.7    90981.3   26515.4    132.6    0.5%   26382.7     0     0.00
 256  104444.9    90208.0   14236.9     91.4    0.6%   14145.5     0     0.00
 257  108730.6    89364.6   19366.0    107.1    0.6%   19258.9     0     0.00
 258   96464.5    92953.1    3511.3     43.6    1.2%    3467.7     0     0.00
 259   98332.1    94832.6    3499.5     51.4    1.5%    3448.1     0     0.00
 260  102828.2    94816.9    8011.2     71.2    0.9%    7940.0     0     0.00
 261   99395.1    95897.3    3497.7     53.1    1.5%    3444.6     0     0.00
 262  114748.3    95205.7   19542.7    110.3    0.6%   19432.4     0     0.00
 263  116892.0    95218.1   21673.9    115.9    0.5%   21558.0     0     0.00
 264  103873.2    95669.7    8203.5     65.4    0.8%    8138.1     0     0.00
 265   96950.0    93450.7    3499.3     46.5    1.3%    3452.8     0     0.00
 266   96677.0    93177.8    3499.3     46.5    1.3%    3452.8     0     0.00
 267  106869.3    93146.0   13723.3     85.5    0.6%   13637.8     0     0.00
 268   99991.9    93055.6    6936.4     63.7    0.9%    6872.7     0     0.00
 269   96701.5    93203.3    3498.2     46.0    1.3%    3452.2     0     0.00
 270   96085.2    92586.0    3499.1     47.3    1.4%    3451.8     0     0.00
 271  109765.0    93399.7   16365.3     92.4    0.6%   16272.9     0     0.00
 272   95739.1    92223.8    3515.3     47.4    1.3%    3467.9     0     0.00
 273  103399.9    92117.7   11282.1     75.4    0.7%   11206.7     0     0.00
 274  133250.6    90523.1   42727.5    143.7    0.3%   42583.8     0     0.00
 275   92832.3    89354.0    3478.3     46.4    1.3%    3431.9     0     0.00
 276  100038.5    89505.4   10533.0     68.2    0.6%   10464.8     0     0.00
 277  157707.9    89358.6   68349.3    211.2    0.3%   68138.1     0     0.00
 278  101049.2    91014.9   10034.2     66.6    0.7%    9967.6     0     0.00
 279   94493.0    91026.6    3466.4     45.7    1.3%    3420.8     0     0.00
 280  123517.8    90909.8   32608.0    113.0    0.3%   32494.9     0     0.00
 281  138237.3    91683.3   46554.0    148.7    0.3%   46405.3     0     0.00
 282   95273.6    91836.9    3436.7     42.1    1.2%    3394.6     0     0.00
 283  142096.2    89811.7   52284.5    183.2    0.4%   52101.3     0     0.00
 284  227937.7    89670.0  138267.7    391.2    0.3%  137876.5     0     0.00
 285  170296.8    89923.0   80373.8    235.9    0.3%   80137.9     0     0.00
 286  108262.5    95015.7   13246.8     58.7    0.4%   13188.1     0     0.00
 287   99424.3    95951.7    3472.6     45.4    1.3%    3427.2     0     0.00
 288  122159.8    95952.0   26207.8     89.8    0.3%   26117.9     0     0.00
 289   98202.1    94730.4    3471.7     44.6    1.3%    3427.2     0     0.00
 290  132789.3    93138.7   39650.6    123.2    0.3%   39527.4     0     0.00
 291   96119.7    92643.8    3475.8     42.7    1.2%    3433.1     0     0.00
 292   97039.2    93549.6    3489.6     43.3    1.2%    3446.4     0     0.00
 293   96949.0    93460.6    3488.4     42.2    1.2%    3446.2     0     0.00
 294   99092.0    95622.8    3469.2     46.1    1.3%    3423.1     0     0.00
 295   97878.2    94349.2    3529.0     46.1    1.3%    3482.9     0     0.00
 296  146882.9    94158.5   52724.4    154.1    0.3%   52570.3     0     0.00
 297  148357.0    93641.5   54715.5    159.3    0.3%   54556.2     0     0.00
 298  118940.4    93459.3   25481.0     81.2    0.3%   25399.9     0     0.00
 299   96893.2    93343.5    3549.7     41.8    1.2%    3507.9     0     0.00
 300  108880.2    98580.3   10299.8     58.6    0.6%   10241.3     0     0.00
 301  150511.1    98563.1   51948.0    164.4    0.3%   51783.6     0     0.00
 302  237950.6    98389.1  139561.4    402.4    0.3%  139159.0     0     0.00
 303  131872.6   108747.6   23125.0    115.6    0.5%   23009.4     0     0.00
 304  124450.2   108614.9   15835.3     74.2    0.5%   15761.1     0     0.00
 305  250243.0   110285.2  139957.8    407.2    0.3%  139550.6     0     0.00
 306  147236.8   116161.3   31075.4    113.4    0.4%   30962.0     0     0.00
 307  150597.6   115631.9   34965.7    123.8    0.4%   34841.9     0     0.00
 308  123792.6   115152.6    8640.0     56.1    0.6%    8583.9     0     0.00
 309  255250.8   115179.9  140070.9    434.9    0.3%  139636.0     0     0.00
 310  156405.5   114933.2   41472.3    144.3    0.3%   41327.9     0     0.00
 311  195830.0   114783.0   81047.0    242.0    0.3%   80805.0     0     0.00
 312  170602.9   120505.6   50097.3    169.8    0.3%   49927.5     0     0.00
 313  158487.5   121763.2   36724.3    134.1    0.4%   36590.2     0     0.00
 314  124426.1   120822.0    3604.1     62.5    1.7%    3541.6     0     0.00
 315  123306.8   119702.8    3604.1     62.4    1.7%    3541.6     0     0.00
 316  123159.9   119557.2    3602.7     61.7    1.7%    3540.9     0     0.00
 317  149839.7   119351.2   30488.5    111.0    0.4%   30377.5     0     0.00
 318  122530.5   118961.1    3569.4     61.2    1.7%    3508.2     0     0.00
 319  170255.3   119243.2   51012.0    168.0    0.3%   50844.0     0     0.00
 320  143206.1   118787.1   24419.0     92.7    0.4%   24326.3     0     0.00
 321  124187.0   118649.6    5537.4     67.1    1.2%    5470.3     0     0.00
 322  122181.9   118638.9    3543.1     61.2    1.7%    3481.8     0     0.00
 323  125096.6   121469.9    3626.7     61.3    1.7%    3565.4     0     0.00
 324  125060.4   121433.7    3626.7     61.2    1.7%    3565.4     0     0.00
 325  136157.9   121033.3   15124.6     68.9    0.5%   15055.7     0     0.00
 326  151239.3   120992.1   30247.3    111.4    0.4%   30135.9     0     0.00
 327  146937.8   121627.0   25310.8     79.3    0.3%   25231.5     0     0.00
 328  143230.1   121159.2   22071.0     68.2    0.3%   22002.8     0     0.00
 329  143058.9   139376.6    3682.3     43.1    1.2%    3639.2     0     0.00
 330  142309.0   138627.1    3681.9     42.9    1.2%    3638.9     0     0.00
 331  153376.1   141593.1   11783.1     71.9    0.6%   11711.2     0     0.00
 332  188531.0   141009.2   47521.8    156.1    0.3%   47365.7     0     0.00
 333  183712.9   140926.7   42786.2    142.8    0.3%   42643.4     0     0.00
 334  145113.2   140610.9    4502.2     45.9    1.0%    4456.3     0     0.00
 335  147186.3   139819.6    7366.7     54.9    0.7%    7311.8     0     0.00
 336  143495.7   139813.8    3682.0     42.3    1.1%    3639.7     0     0.00
 337  146017.6   142312.1    3705.6     66.8    1.8%    3638.8     0     0.00
 338  146508.2   142798.0    3710.2     66.0    1.8%    3644.2     0     0.00
 339  162405.9   143383.6   19022.2     86.1    0.5%   18936.2     0     0.00
 340  165337.5   141286.7   24050.7     98.8    0.4%   23952.0     0     0.00
 341  149570.3   140424.0    9146.2     62.5    0.7%    9083.7     0     0.00
 342  150987.8   140266.7   10721.1     66.1    0.6%   10655.0     0     0.00
 343  150380.6   141637.3    8743.3     60.0    0.7%    8683.3     0     0.00
 344  146812.2   141347.8    5464.4     51.2    0.9%    5413.2     0     0.00
 345  143754.0   140087.8    3666.1     45.1    1.2%    3621.1     0     0.00
 346  206350.4   139983.4   66367.0    210.9    0.3%   66156.1     0     0.00
 347  145996.2   138896.8    7099.5     53.1    0.7%    7046.3     0     0.00
 348  142485.9   138821.6    3664.3     43.3    1.2%    3621.0     0     0.00
 349  186644.3   137852.3   48792.0    155.5    0.3%   48636.5     0     0.00
 350  149479.1   140249.4    9229.6     58.7    0.6%    9171.0     0     0.00
 351  157571.5   141172.4   16399.1     73.7    0.4%   16325.4     0     0.00
 352  143750.5   140076.4    3674.2     42.3    1.2%    3631.9     0     0.00
 353  180331.7   143039.7   37291.9    123.7    0.3%   37168.2     0     0.00
 354  152847.7   143459.6    9388.1     55.7    0.6%    9332.4     0     0.00
 355  198346.0   151069.8   47276.2    159.0    0.3%   47117.1     0     0.00
 356  229221.1   150385.2   78835.9    268.5    0.3%   78567.3     0     0.00
 357  188939.5   149799.7   39139.9    160.2    0.4%   38979.7     0     0.00
 358  183565.0   152218.7   31346.4    110.9    0.4%   31235.5     0     0.00
 359  165575.5   160986.4    4589.1     44.0    1.0%    4545.1     0     0.00
 360  165491.1   160902.0    4589.1     44.0    1.0%    4545.1     0     0.00
 361  220679.2   160308.0   60371.2    198.3    0.3%   60172.8     0     0.00
 362  237266.5   168949.8   68316.7    267.8    0.4%   68048.9     0     0.00
 363  181630.1   168838.3   12791.8     69.1    0.5%   12722.7     0     0.00
 364  184767.0   168802.9   15964.2     80.0    0.5%   15884.2     0     0.00
 365  176739.1   167183.9    9555.2     60.5    0.6%    9494.7     0     0.00
 366  174091.1   166325.4    7765.7     55.9    0.7%    7709.8     0     0.00
 367  206666.6   165960.6   40706.0    147.6    0.4%   40558.4     0     0.00
 368  203068.5   166528.3   36540.1    135.9    0.4%   36404.3     0     0.00
 369  169367.4   165578.4    3789.0     44.5    1.2%    3744.5     0     0.00
 370  179622.3   165273.3   14348.9     74.9    0.5%   14274.0     0     0.00
 371  168795.8   165024.7    3771.1     61.5    1.6%    3709.5     0     0.00
 372  169771.4   165193.3    4578.1     44.7    1.0%    4533.4     0     0.00
 373  169657.1   165079.5    4577.6     44.1    1.0%    4533.6     0     0.00
 374  172528.0   165066.1    7461.9     52.5    0.7%    7409.5     0     0.00
 375  193564.4   169534.1   24030.4    105.2    0.4%   23925.2     0     0.00
 376  173012.4   169301.4    3711.0     42.4    1.1%    3668.6     0     0.00
 377  176376.8   172657.5    3719.3     46.2    1.2%    3673.1     0     0.00
 378  177480.9   172935.6    4545.2     47.7    1.0%    4497.5     0     0.00
 379  182797.3   172717.7   10079.5     85.7    0.9%    9993.8     0     0.00
 380  176364.1   172646.7    3717.4     44.9    1.2%    3672.5     0     0.00
 381  184015.0   175126.5    8888.5     63.6    0.7%    8824.9     0     0.00
 382  234666.0   175045.7   59620.3    243.1    0.4%   59377.2     0     0.00
 383  186436.8   175366.1   11070.7     67.2    0.6%   11003.5     0     0.00
 384  185013.9   176147.1    8866.9     61.1    0.7%    8805.8     0     0.00
 385  217815.5   176550.1   41265.4    150.1    0.4%   41115.3     0     0.00
 386  213528.4   176110.7   37417.7    156.4    0.4%   37261.3     0     0.00
 387  202239.0   176874.7   25364.3    100.5    0.4%   25263.7     0     0.00
 388  228021.6   176905.1   51116.4    210.0    0.4%   50906.4     0     0.00
 389  226840.2   176529.7   50310.5    204.6    0.4%   50105.9     0     0.00
 390  185006.7   176182.0    8824.7     56.2    0.6%    8768.5     0     0.00
 391  184483.9   175659.2    8824.7     56.2    0.6%    8768.5     0     0.00
 392  179525.6   175368.6    4157.0     63.0    1.5%    4094.0     0     0.00
 393  190175.4   174845.9   15329.5     54.4    0.4%   15275.1     0     0.00
 394  201224.4   175506.5   25717.9     81.3    0.3%   25636.7     0     0.00
 395  202614.6   182924.7   19689.9     85.6    0.4%   19604.2     0     0.00
 396  202100.1   183168.9   18931.2     82.8    0.4%   18848.4     0     0.00
 397  205624.8   182841.4   22783.4     93.1    0.4%   22690.3     0     0.00
 398  206649.0   182751.3   23897.7     94.4    0.4%   23803.2     0     0.00
 399  217962.8   183755.5   34207.3    152.9    0.4%   34054.4     0     0.00
 400  223382.2   183343.2   40039.0    177.8    0.4%   39861.2     0     0.00
 401  185860.1   182157.0    3703.1     42.2    1.1%    3660.9     0     0.00
 402  196559.3   190761.4    5798.0     49.7    0.9%    5748.3     0     0.00
 403  239268.7   190635.7   48633.0    217.6    0.4%   48415.3     0     0.00
 404  193802.2   190080.0    3722.3     43.4    1.2%    3678.9     0     0.00
 405  244075.6   190090.1   53985.5    232.5    0.4%   53753.0     0     0.00
 406  193775.4   190054.4    3721.0     42.1    1.1%    3678.9     0     0.00
 407  198056.7   193521.4    4535.3     48.1    1.1%    4487.3     0     0.00
 408  218154.9   193372.8   24782.1    140.8    0.6%   24641.3     0     0.00
 409  198721.4   194980.5    3740.8     44.9    1.2%    3696.0     0     0.00
 410  213506.4   194324.0   19182.4    122.4    0.6%   19060.0     0     0.00
 411  241947.8   194736.3   47211.5    216.1    0.5%   46995.4     0     0.00
 412  203426.2   194553.7    8872.5     80.3    0.9%    8792.2     0     0.00
 413  224243.9   194449.4   29794.5    163.2    0.5%   29631.3     0     0.00
 414  249202.9   197881.1   51321.9    239.8    0.5%   51082.0     0     0.00
 415  202028.7   198312.5    3716.3     66.1    1.8%    3650.2     0     0.00
 416  211511.7   197708.4   13803.3    106.3    0.8%   13697.0     0     0.00
 417  242542.6   197042.4   45500.3    217.7    0.5%   45282.6     0     0.00
 418  246992.3   197596.7   49395.6    230.2    0.5%   49165.5     0     0.00
 419  201121.8   196628.7    4493.1     71.6    1.6%    4421.6     0     0.00
 420  205266.6   195492.5    9774.2     89.0    0.9%    9685.2     0     0.00
 421  321491.0   193918.8  127572.3    489.8    0.4%  127082.4     0     0.00
 422  229432.7   193548.3   35884.4    143.9    0.4%   35740.5     0     0.00
 423  238014.0   193448.7   44565.3    195.5    0.4%   44369.9     0     0.00
 424  198171.5   193308.5    4862.9     48.3    1.0%    4814.6     0     0.00
 425  228314.6   193185.0   35129.7    159.3    0.5%   34970.3     0     0.00
 426  197734.5   194039.5    3695.0     45.3    1.2%    3649.6     0     0.00
 427  248146.4   197111.8   51034.6    240.9    0.5%   50793.8     0     0.00
 428  200784.2   197085.2    3699.0     69.7    1.9%    3629.3     0     0.00
 429  228268.1   196512.7   31755.5    167.5    0.5%   31588.0     0     0.00
 430  231215.5   195937.6   35277.9    158.1    0.4%   35119.8     0     0.00
 431  199973.5   196375.4    3598.0     46.5    1.3%    3551.5     0     0.00
 432  199644.1   196051.1    3593.0     43.8    1.2%    3549.2     0     0.00
 433  215034.6   195962.7   19071.9    108.9    0.6%   18963.0     0     0.00
 434  202661.8   195306.8    7355.0     59.3    0.8%    7295.7     0     0.00
 435  198911.2   195286.7    3624.5     43.4    1.2%    3581.1     0     0.00
 436  198658.1   195162.9    3495.2     45.5    1.3%    3449.7     0     0.00
 437  220534.0   194337.9   26196.1    126.4    0.5%   26069.7     0     0.00
 438  233780.3   193876.2   39904.2    174.8    0.4%   39729.4     0     0.00
 439  197215.3   193720.8    3494.5     44.7    1.3%    3449.8     0     0.00
 440  198053.7   192499.6    5554.0     53.0    1.0%    5501.1     0     0.00
 441  196192.7   192720.0    3472.7     46.2    1.3%    3426.5     0     0.00
 442  197346.0   192904.2    4441.8     48.5    1.1%    4393.3     0     0.00
 443  195627.3   192154.6    3472.7     43.9    1.3%    3428.8     0     0.00
 444  194739.3   191269.8    3469.6     40.9    1.2%    3428.7     0     0.00
 445  197772.0   190730.5    7041.5     60.0    0.9%    6981.5     0     0.00
 446  195051.0   191570.1    3481.0     45.0    1.3%    3436.0     0     0.00
 447  234081.9   191309.3   42772.6    184.1    0.4%   42588.5     0     0.00
 448  219380.6   192047.3   27333.3    122.3    0.4%   27211.0     0     0.00
 449  193810.9   190304.7    3506.2     49.5    1.4%    3456.7     0     0.00
 450  193569.9   190063.8    3506.2     49.5    1.4%    3456.7     0     0.00
 451  243332.7   189286.4   54046.3    218.3    0.4%   53828.0     0     0.00
 452  200102.5   190711.8    9390.7     68.7    0.7%    9322.0     0     0.00
 453  194206.1   190656.7    3549.4     49.2    1.4%    3500.2     0     0.00
 454  200168.1   190457.3    9710.8     69.9    0.7%    9640.9     0     0.00
 455  197798.6   190389.7    7409.0     62.5    0.8%    7346.5     0     0.00
 456  192743.6   189194.3    3549.3     49.1    1.4%    3500.2     0     0.00
 457  191675.2   188073.9    3601.2     51.4    1.4%    3549.9     0     0.00
 458  203941.8   188045.5   15896.3     88.1    0.6%   15808.2     0     0.00
 459  193458.9   187809.9    5648.9     52.9    0.9%    5596.0     0     0.00
 460  241933.8   187549.2   54384.6    198.7    0.4%   54185.9     0     0.00
 461  228093.0   187516.6   40576.4    172.9    0.4%   40403.5     0     0.00
 462  249440.8   187343.5   62097.3    221.4    0.4%   61875.9     0     0.00
 463  190905.1   187334.3    3570.8     42.4    1.2%    3528.4     0     0.00
 464  206488.9   186674.7   19814.2     75.5    0.4%   19738.7     0     0.00
 465  259067.0   186672.2   72394.7    273.0    0.4%   72121.7     0     0.00
 466  190139.5   186567.6    3571.8     43.3    1.2%    3528.6     0     0.00
 467  191504.4   187166.1    4338.3     46.4    1.1%    4291.9     0     0.00
 468  191494.4   187156.1    4338.3     46.4    1.1%    4291.9     0     0.00
 469  193646.3   190214.4    3431.9     42.5    1.2%    3389.5     0     0.00
 470  211722.5   189814.7   21907.8    100.2    0.5%   21807.6     0     0.00
 471  206263.0   188912.7   17350.3     84.3    0.5%   17266.0     0     0.00
 472  193286.9   189837.5    3449.4     43.9    1.3%    3405.5     0     0.00
 473  198838.0   192093.8    6744.1     56.1    0.8%    6688.0     0     0.00
 474  196472.8   192245.2    4227.6     46.2    1.1%    4181.4     0     0.00
 475  197133.8   192440.0    4693.8     47.3    1.0%    4646.5     0     0.00
 476  220835.8   191997.2   28838.6    128.1    0.4%   28710.5     0     0.00
 477  202149.4   191889.0   10260.4     56.4    0.5%   10204.0     0     0.00
 478  207865.4   191502.5   16362.9     79.3    0.5%   16283.6     0     0.00
 479  226573.6   201509.0   25064.6    142.4    0.6%   24922.2     0     0.00
 480  234938.1   200683.4   34254.7    170.6    0.5%   34084.1     0     0.00
 481  205239.4   198900.9    6338.5     71.5    1.1%    6267.0     0     0.00
 482  237386.5   199416.9   37969.6    181.8    0.5%   37787.8     0     0.00
 483  251900.5   199077.9   52822.6    231.3    0.4%   52591.3     0     0.00
 484  204176.9   200679.8    3497.1     65.2    1.9%    3431.9     0     0.00
 485  208792.7   199947.1    8845.5     85.2    1.0%    8760.3     0     0.00
 486  221657.6   200518.0   21139.6    114.1    0.5%   21025.6     0     0.00
 487  203739.2   200277.7    3461.5     48.6    1.4%    3412.9     0     0.00
 488  203764.0   200306.6    3457.4     47.5    1.4%    3409.9     0     0.00
 489  233701.6   200247.2   33454.4    151.5    0.5%   33302.9     0     0.00
 490  293273.4   199425.3   93848.1    360.4    0.4%   93487.6     0     0.00
 491  240867.5   199428.5   41439.0    171.7    0.4%   41267.3     0     0.00
 492  202194.9   198740.3    3454.6     44.2    1.3%    3410.4     0     0.00
 493  201834.4   198380.4    3454.0     43.5    1.3%    3410.4     0     0.00
 494  201917.0   198497.9    3419.2     47.2    1.4%    3371.9     0     0.00
 495  213285.5   197813.8   15471.7     90.3    0.6%   15381.4     0     0.00
 496  217911.5   196476.9   21434.6    107.2    0.5%   21327.3     0     0.00
 497  204536.1   197619.6    6916.4     59.6    0.9%    6856.9     0     0.00
 498  202013.1   197272.3    4740.9     49.0    1.0%    4691.9     0     0.00
 499  206214.9   197042.6    9172.3     63.8    0.7%    9108.5     0     0.00
 500  206028.5   196856.2    9172.3     63.8    0.7%    9108.5     0     0.00
 501  199994.1   196538.6    3455.5     42.6    1.2%    3412.9     0     0.00
 502  235465.3   196319.7   39145.7    162.1    0.4%   38983.5     0     0.00
 503  233171.3   196071.1   37100.2    131.8    0.4%   36968.4     0     0.00
 504  241947.6   196072.8   45874.9    185.1    0.4%   45689.8     0     0.00
 505  200903.8   195873.1    5030.7     48.9    1.0%    4981.9     0     0.00
 506  248197.2   200220.3   47976.9    196.0    0.4%   47780.9     0     0.00
 507  203499.9   200038.0    3461.9     44.3    1.3%    3417.6     0     0.00
 508  213079.9   199817.6   13262.3     79.5    0.6%   13182.7     0     0.00
 509  202741.9   199277.0    3464.9     43.8    1.3%    3421.1     0     0.00
 510  249378.1   198734.3   50643.8    202.8    0.4%   50441.0     0     0.00
 511  201862.3   198397.2    3465.1     43.6    1.3%    3421.5     0     0.00
 512  207103.9   197875.6    9228.3     65.4    0.7%    9162.9     0     0.00
 513  201296.3   197829.7    3466.6     41.7    1.2%    3424.9     0     0.00
 514  207170.0   201603.7    5566.4     56.3    1.0%    5510.1     0     0.00
 515  244211.2   201601.7   42609.5    175.9    0.4%   42433.6     0     0.00
 516  205010.3   201537.1    3473.3     45.9    1.3%    3427.3     0     0.00
 517  224686.9   201081.1   23605.8    107.9    0.5%   23497.9     0     0.00
 518  203521.0   200048.5    3472.5     45.3    1.3%    3427.2     0     0.00
 519  209511.9   199421.6   10090.3     63.8    0.6%   10026.5     0     0.00
 520  230892.9   199064.6   31828.3    133.8    0.4%   31694.6     0     0.00
 521  231261.3   196924.4   34336.9    141.9    0.4%   34195.0     0     0.00
 522  209645.2   198998.5   10646.8     64.1    0.6%   10582.6     0     0.00
 523  201600.5   198130.9    3469.7     42.7    1.2%    3427.0     0     0.00
 524  225468.3   198730.8   26737.5    115.6    0.4%   26621.8     0     0.00
 525  237492.0   198755.6   38736.4    158.2    0.4%   38578.2     0     0.00
 526  203343.5   199522.5    3821.1     42.2    1.1%    3778.8     0     0.00
 527  218795.7   199922.2   18873.5     87.8    0.5%   18785.8     0     0.00
 528  206422.1   202734.5    3687.6     46.7    1.3%    3640.9     0     0.00
 529  206359.9   202658.8    3701.1     55.9    1.5%    3645.2     0     0.00
 530  208468.3   204789.3    3679.0     65.5    1.8%    3613.5     0     0.00
 531  241105.1   204565.5   36539.6    177.4    0.5%   36362.2     0     0.00
 532  308123.8   205825.8  102298.0    366.0    0.4%  101931.9     0     0.00
 533  268682.7   207094.4   61588.2    258.7    0.4%   61329.6     0     0.00
 534  217096.0   206851.2   10244.8     79.1    0.8%   10165.7     0     0.00
 535  211540.4   206642.4    4898.0     45.8    0.9%    4852.2     0     0.00
 536  260781.9   205655.5   55126.4    211.8    0.4%   54914.7     0     0.00
 537  231189.5   205216.8   25972.6    116.8    0.4%   25855.8     0     0.00
 538  218289.7   209537.0    8752.6     79.1    0.9%    8673.6     0     0.00
 539  214801.9   211105.8    3696.1     42.8    1.2%    3653.3     0     0.00
 540  245914.7   210414.0   35500.7    153.2    0.4%   35347.5     0     0.00
 541  213805.1   210128.6    3676.5     24.4    0.7%    3652.2     0     0.00
 542  255829.3   213119.9   42709.3    176.4    0.4%   42532.9     0     0.00
 543  257356.8   212644.7   44712.2    200.7    0.4%   44511.5     0     0.00
 544  239521.7   212120.8   27400.9    146.3    0.5%   27254.5     0     0.00
 545  215253.1   211659.3    3593.8     64.9    1.8%    3528.9     0     0.00
 546  225324.6   211773.2   13551.3     97.4    0.7%   13453.9     0     0.00
 547  235188.2   211330.7   23857.5    117.1    0.5%   23740.4     0     0.00
 548  214387.4   210828.6    3558.8     45.1    1.3%    3513.7     0     0.00
 549  259872.9   210897.4   48975.6    204.4    0.4%   48771.2     0     0.00
 550  227851.5   210631.4   17220.1    100.8    0.6%   17119.3     0     0.00
 551  213224.6   209698.3    3526.3     46.0    1.3%    3480.3     0     0.00
 552  255812.1   209004.1   46808.0    186.8    0.4%   46621.2     0     0.00
 553  219741.8   209871.4    9870.4     66.1    0.7%    9804.3     0     0.00
 554  236704.9   209473.6   27231.3    106.9    0.4%   27124.4     0     0.00
 555  218678.4   211745.4    6933.0     74.6    1.1%    6858.5     0     0.00
 556  267208.2   211590.8   55617.5    244.5    0.4%   55373.0     0     0.00
 557  214572.1   211028.7    3543.4     45.8    1.3%    3497.6     0     0.00
 558  213535.1   209991.7    3543.4     45.8    1.3%    3497.6     0     0.00
 559  242456.1   209597.8   32858.3    120.7    0.4%   32737.5     0     0.00
 560  213060.8   209517.5    3543.3     45.7    1.3%    3497.6     0     0.00
 561  213347.7   209804.9    3542.8     43.0    1.2%    3499.8     0     0.00
 562  213048.9   209506.1    3542.9     43.1    1.2%    3499.8     0     0.00
 563  213490.7   209943.3    3547.4     41.6    1.2%    3505.8     0     0.00
 564  213468.8   209921.4    3547.4     41.5    1.2%    3505.8     0     0.00
 565  229275.2   212452.9   16822.3     90.6    0.5%   16731.8     0     0.00
 566  220773.0   212498.6    8274.4     68.7    0.8%    8205.7     0     0.00
 567  241436.3   213919.0   27517.2    119.9    0.4%   27397.3     0     0.00
 568  223640.5   213754.0    9886.5     72.3    0.7%    9814.2     0     0.00
 569  217321.6   213716.9    3604.7     65.9    1.8%    3538.8     0     0.00
 570  217309.3   213704.7    3604.7     65.9    1.8%    3538.8     0     0.00
 571  223813.6   213473.7   10339.9     70.4    0.7%   10269.5     0     0.00
 572  236329.7   212013.4   24316.4     91.0    0.4%   24225.4     0     0.00
 573  215043.0   211427.0    3616.0     47.5    1.3%    3568.5     0     0.00
 574  215118.5   211534.8    3583.7     46.0    1.3%    3537.7     0     0.00
 575  214568.3   210984.8    3583.4     45.9    1.3%    3537.6     0     0.00
 576  237347.7   210980.7   26367.0     93.2    0.4%   26273.7     0     0.00
 577  230519.5   210862.9   19656.6     74.8    0.4%   19581.8     0     0.00
 578  246892.7   210779.7   36113.1    154.8    0.4%   35958.3     0     0.00
 579  236370.0   212612.9   23757.1     86.1    0.4%   23671.0     0     0.00
 580  223102.3   212493.9   10608.5     64.0    0.6%   10544.5     0     0.00
 581  231504.2   212656.0   18848.2     69.2    0.4%   18778.9     0     0.00
 582  215386.3   211801.1    3585.2     45.2    1.3%    3540.0     0     0.00
 583  218561.5   214948.8    3612.6     43.0    1.2%    3569.7     0     0.00
 584  222519.4   214884.6    7634.8     36.8    0.5%    7598.0     0     0.00
 585  225538.7   216463.0    9075.8     61.6    0.7%    9014.1     0     0.00
 586  220978.9   216501.6    4477.3     28.5    0.6%    4448.8     0     0.00
 587  223558.0   219811.7    3746.3     65.9    1.8%    3680.3     0     0.00
 588  349081.8   220461.0  128620.8    426.2    0.3%  128194.6     0     0.00
 589  224878.9   220349.6    4529.3     47.0    1.0%    4482.2     0     0.00
 590  239389.0   221085.2   18303.8    115.2    0.6%   18188.6     0     0.00
 591  224705.2   220928.1    3777.1     45.3    1.2%    3731.8     0     0.00
 592  359707.8   220495.8  139211.9    457.5    0.3%  138754.5     0     0.00
 593  241055.3   220885.3   20170.0    125.0    0.6%   20044.9     0     0.00
 594  297287.9   223453.3   73834.6    269.8    0.4%   73564.8     0     0.00
 595  230882.2   227123.1    3759.1     66.9    1.8%    3692.2     0     0.00
 596  254185.0   226932.3   27252.8    151.0    0.6%   27101.7     0     0.00
 597  295744.3   225961.4   69782.9    260.7    0.4%   69522.2     0     0.00
 598  261355.6   228043.7   33312.0    145.6    0.4%   33166.4     0     0.00
 599  265176.0   227954.0   37222.0    155.7    0.4%   37066.3     0     0.00
 600  234775.1   226605.5    8169.7     88.1    1.1%    8081.6     0     0.00
 601  294862.9   226029.1   68833.8    276.0    0.4%   68557.8     0     0.00
 602  364608.4   225447.7  139160.7    483.1    0.3%  138677.7     0     0.00
 603  257425.8   225429.3   31996.4    139.0    0.4%   31857.4     0     0.00
 604  228742.6   224316.0    4426.6     68.0    1.5%    4358.6     0     0.00
 605  228386.0   223968.9    4417.1     67.5    1.5%    4349.7     0     0.00
 606  243722.7   224616.5   19106.2    124.0    0.6%   18982.1     0     0.00
 607  279028.7   224334.2   54694.5    232.2    0.4%   54462.3     0     0.00
 608  253576.5   223615.3   29961.2    149.2    0.5%   29812.0     0     0.00
 609  227403.7   223873.4    3530.3     47.1    1.3%    3483.2     0     0.00
 610  227298.6   223768.3    3530.3     47.0    1.3%    3483.2     0     0.00
 611  227755.6   224246.5    3509.1     43.7    1.2%    3465.3     0     0.00
 612  232675.3   224153.5    8521.8     72.1    0.8%    8449.7     0     0.00
 613  225889.2   222380.9    3508.4     42.4    1.2%    3465.9     0     0.00
 614  298904.6   222120.1   76784.5    261.8    0.3%   76522.8     0     0.00
 615  224409.0   220901.3    3507.7     41.7    1.2%    3466.1     0     0.00
 616  238803.3   220246.4   18556.9     99.5    0.5%   18457.4     0     0.00
 617  265111.1   219781.4   45329.7    178.7    0.4%   45151.0     0     0.00
 618  226757.1   223137.7    3619.4     54.4    1.5%    3565.0     0     0.00
 619  248904.3   222798.3   26106.0     95.8    0.4%   26010.3     0     0.00
 620  226345.4   222723.0    3622.4     53.9    1.5%    3568.5     0     0.00
 621  226234.7   222681.8    3552.9     53.0    1.5%    3499.9     0     0.00
 622  238154.4   222086.1   16068.3     89.5    0.6%   15978.7     0     0.00
 623  227999.1   222543.5    5455.6     58.1    1.1%    5397.5     0     0.00
 624  225508.6   221850.0    3658.6     52.1    1.4%    3606.5     0     0.00
 625  256328.7   221747.6   34581.1    120.8    0.3%   34460.3     0     0.00
 626  231611.4   221147.1   10464.4     71.8    0.7%   10392.6     0     0.00
 627  224974.5   220545.9    4428.6     52.9    1.2%    4375.6     0     0.00
 628  264124.3   220786.1   43338.1    166.4    0.4%   43171.7     0     0.00
 629  249372.3   221054.4   28317.9     95.2    0.3%   28222.7     0     0.00
 630  224548.6   220801.4    3747.2     48.7    1.3%    3698.4     0     0.00
 631  232270.2   220463.3   11806.9     72.1    0.6%   11734.8     0     0.00
 632  232018.8   221281.5   10737.3     69.2    0.6%   10668.1     0     0.00
 633  225683.8   221987.3    3696.6     49.6    1.3%    3647.0     0     0.00
 634  253187.0   222058.7   31128.3    103.6    0.3%   31024.7     0     0.00
 635  225334.5   221637.7    3696.8     46.9    1.3%    3649.9     0     0.00
 636  258584.5   220534.9   38049.6    145.1    0.4%   37904.4     0     0.00
 637  248343.8   220449.3   27894.5     92.5    0.3%   27802.0     0     0.00
 638  247750.8   220432.6   27318.2     89.2    0.3%   27229.1     0     0.00
 639  223487.1   219824.4    3662.7     45.7    1.2%    3617.0     0     0.00
 640  244019.8   219223.0   24796.8     79.8    0.3%   24717.0     0     0.00
 641  226647.7   217561.1    9086.7     59.1    0.7%    9027.6     0     0.00
 642  236763.5   217119.8   19643.7     86.8    0.4%   19556.9     0     0.00
 643  245231.3   218631.7   26599.5    104.4    0.4%   26495.1     0     0.00
 644  239503.7   219483.9   20019.9     63.3    0.3%   19956.6     0     0.00
 645  252706.0   238423.6   14282.4     99.3    0.7%   14183.1     0     0.00
 646  242591.3   238919.8    3671.5     45.5    1.2%    3625.9     0     0.00
 647  245007.5   240128.4    4879.1     68.3    1.4%    4810.8     0     0.00
 648  248882.2   241303.1    7579.2     77.4    1.0%    7501.7     0     0.00
 649  250978.7   240961.3   10017.4     85.1    0.8%    9932.3     0     0.00
 650  285822.8   240761.4   45061.5    204.3    0.5%   44857.1     0     0.00
 651  244392.9   240667.4    3725.5     63.8    1.7%    3661.8     0     0.00
 652  255806.8   241379.0   14427.8    102.4    0.7%   14325.5     0     0.00
 653  308992.8   240730.5   68262.3    239.5    0.4%   68022.8     0     0.00
 654  244494.3   240756.8    3737.5     62.6    1.7%    3674.9     0     0.00
 655  244060.5   240323.1    3737.5     62.6    1.7%    3674.9     0     0.00
 656  259480.6   240922.9   18557.7    112.9    0.6%   18444.7     0     0.00
 657  278982.7   240299.3   38683.4    157.4    0.4%   38526.0     0     0.00
 658  287253.1   242540.8   44712.3    201.3    0.5%   44510.9     0     0.00
 659  245881.1   242127.3    3753.9     61.9    1.6%    3691.9     0     0.00
 660  249388.8   241512.4    7876.3     78.9    1.0%    7797.5     0     0.00
 661  270842.7   239158.5   31684.2    131.1    0.4%   31553.2     0     0.00
 662  242865.3   239134.3    3731.0     43.0    1.2%    3688.0     0     0.00
 663  271738.3   238388.7   33349.6    118.8    0.4%   33230.8     0     0.00
 664  257983.4   241878.3   16105.0     85.2    0.5%   16019.8     0     0.00
 665  261753.9   241685.4   20068.5     94.4    0.5%   19974.1     0     0.00
 666  275484.4   241443.5   34040.9    165.8    0.5%   33875.1     0     0.00
 667  269121.8   241062.2   28059.5    102.1    0.4%   27957.4     0     0.00
 668  249913.5   239840.7   10072.8     68.3    0.7%   10004.4     0     0.00
 669  243103.0   239619.6    3483.4     46.1    1.3%    3437.3     0     0.00
 670  242492.8   239045.6    3447.2     45.0    1.3%    3402.2     0     0.00
 671  242877.8   239338.1    3539.7     46.9    1.3%    3492.9     0     0.00
 672  258053.6   239548.2   18505.4     72.8    0.4%   18432.5     0     0.00
 673  241864.3   238358.3    3506.0     44.6    1.3%    3461.4     0     0.00
 674  241856.9   238350.9    3506.0     44.5    1.3%    3461.4     0     0.00
 675  244561.1   241063.5    3497.6     46.9    1.3%    3450.8     0     0.00
 676  253821.5   240552.5   13269.0     53.1    0.4%   13215.9     0     0.00
 677  285149.0   240555.8   44593.2    149.9    0.3%   44443.3     0     0.00
 678  328679.8   240928.1   87751.7    294.4    0.3%   87457.3     0     0.00
 679  249390.7   240893.9    8496.8     37.4    0.4%    8459.4     0     0.00
 680  244180.3   240684.6    3495.8     42.6    1.2%    3453.1     0     0.00
 681  243263.6   239767.9    3495.7     42.6    1.2%    3453.1     0     0.00
 682  245958.3   242265.9    3692.4     59.9    1.6%    3632.5     0     0.00
 683  260662.1   242247.8   18414.4     84.0    0.5%   18330.4     0     0.00
 684  266484.1   243844.6   22639.5    103.9    0.5%   22535.6     0     0.00
 685  260824.6   252177.3    8647.4     60.7    0.7%    8586.7     0     0.00
 686  261742.2   252188.9    9553.3     66.6    0.7%    9486.7     0     0.00
 687  273973.5   252164.6   21808.8    125.7    0.6%   21683.1     0     0.00
 688  279591.0   252100.3   27490.7    120.4    0.4%   27370.3     0     0.00
 689  256724.2   252055.3    4668.9     65.1    1.4%    4603.8     0     0.00
 690  286348.8   252077.1   34271.7    134.7    0.4%   34137.0     0     0.00
 691  255344.9   251734.5    3610.4     61.8    1.7%    3548.6     0     0.00
 692  298314.4   251120.5   47194.0    160.6    0.3%   47033.4     0     0.00
 693  259220.1   252004.4    7215.7     55.5    0.8%    7160.2     0     0.00
 694  254693.4   251070.2    3623.2     59.7    1.6%    3563.5     0     0.00
 695  259115.1   250527.8    8587.4     60.3    0.7%    8527.1     0     0.00
 696  321101.0   256450.5   64650.6    245.4    0.4%   64405.2     0     0.00
 697  269437.0   255986.3   13450.7    101.2    0.8%   13349.5     0     0.00
 698  289777.5   254980.6   34797.0    129.5    0.4%   34667.4     0     0.00
 699  258152.3   254467.2    3685.0     66.8    1.8%    3618.2     0     0.00
 700  300094.3   254362.5   45731.8    157.3    0.3%   45574.5     0     0.00
 701  258331.4   254665.9    3665.5     45.7    1.2%    3619.8     0     0.00
 702  257433.6   253766.8    3666.8     46.2    1.3%    3620.6     0     0.00
 703  258128.9   254458.7    3670.2     66.7    1.8%    3603.4     0     0.00
 704  295876.8   254246.3   41630.4    141.5    0.3%   41489.0     0     0.00
 705  257484.3   253816.2    3668.2     66.0    1.8%    3602.2     0     0.00
 706  300050.1   255797.4   44252.7    148.4    0.3%   44104.3     0     0.00
 707  288411.7   255429.6   32982.2    116.2    0.4%   32865.9     0     0.00
 708  274367.3   255597.7   18769.6     84.4    0.4%   18685.2     0     0.00
 709  265449.9   255414.5   10035.4     82.2    0.8%    9953.2     0     0.00
 710  394903.7   255147.0  139756.6    453.8    0.3%  139302.8     0     0.00
 711  282885.9   255039.5   27846.3    103.1    0.4%   27743.3     0     0.00
 712  258391.6   253978.9    4412.7     70.9    1.6%    4341.8     0     0.00
 713  300842.1   254214.8   46627.3    135.0    0.3%   46492.3     0     0.00
 714  309795.9   253707.7   56088.2    183.8    0.3%   55904.4     0     0.00
 715  296515.0   253639.4   42875.6    123.1    0.3%   42752.5     0     0.00
 716  271556.2   252995.6   18560.6     58.7    0.3%   18501.9     0     0.00
 717  324499.3   252815.4   71683.9    242.5    0.3%   71441.4     0     0.00
 718  298991.5   252152.8   46838.7    153.6    0.3%   46685.1     0     0.00
 719  288362.2   284580.4    3781.8     44.4    1.2%    3737.4     0     0.00
 720  286489.5   282707.7    3781.8     44.4    1.2%    3737.4     0     0.00
 721  341877.9   282658.3   59219.6    250.8    0.4%   58968.8     0     0.00
 722  299027.8   282657.3   16370.5    105.4    0.6%   16265.1     0     0.00
 723  292853.2   281695.1   11158.1     64.2    0.6%   11093.8     0     0.00
 724  420975.9   280735.9  140240.0    486.6    0.3%  139753.4     0     0.00
 725  285294.7   280710.0    4584.7     45.5    1.0%    4539.2     0     0.00
 726  301944.3   280661.6   21282.7    120.0    0.6%   21162.8     0     0.00
 727  312339.0   279891.8   32447.2    164.0    0.5%   32283.2     0     0.00
 728  291989.9   283052.4    8937.5     62.5    0.7%    8875.0     0     0.00
 729  303347.5   282853.9   20493.5    123.4    0.6%   20370.1     0     0.00
 730  286609.6   282852.5    3757.1     45.6    1.2%    3711.5     0     0.00
 731  321859.4   282902.6   38956.8    187.5    0.5%   38769.3     0     0.00
 732  298314.6   285377.8   12936.8     98.5    0.8%   12838.3     0     0.00
 733  288834.1   285086.9    3747.2     45.2    1.2%    3702.0     0     0.00
 734  325507.2   285018.0   40489.2    170.9    0.4%   40318.3     0     0.00
 735  399134.1   284801.6  114332.5    419.9    0.4%  113912.6     0     0.00
 736  314867.4   287273.7   27593.7    154.7    0.6%   27439.0     0     0.00
 737  322857.9   286203.0   36654.9    159.3    0.4%   36495.6     0     0.00
 738  341392.9   286920.0   54472.9    225.0    0.4%   54248.0     0     0.00
 739  290339.3   286653.7    3685.6     67.8    1.8%    3617.8     0     0.00
 740  328825.2   286782.2   42043.0    195.6    0.5%   41847.4     0     0.00
 741  290474.3   285975.4    4498.8     70.4    1.6%    4428.4     0     0.00
 742  289678.6   286000.2    3678.5     63.9    1.7%    3614.6     0     0.00
 743  351854.3   285981.9   65872.4    247.9    0.4%   65624.6     0     0.00
 744  293092.0   285739.7    7352.4     76.0    1.0%    7276.4     0     0.00
 745  305582.7   285078.1   20504.5    124.7    0.6%   20379.9     0     0.00
 746  303019.0   284891.2   18127.8    116.9    0.6%   18010.9     0     0.00
 747  288502.2   284824.0    3678.2     63.6    1.7%    3614.6     0     0.00
 748  300274.9   284034.0   16240.9    111.3    0.7%   16129.7     0     0.00
 749  287122.9   283467.3    3655.7     41.7    1.1%    3614.0     0     0.00
 750  289840.9   282498.5    7342.3     52.7    0.7%    7289.6     0     0.00
 751  286008.5   282352.0    3656.5     42.5    1.2%    3614.0     0     0.00
 752  325774.0   285840.4   39933.6    145.7    0.4%   39787.9     0     0.00
 753  326547.6   286178.3   40369.3    167.2    0.4%   40202.1     0     0.00
 754  297052.2   289671.0    7381.1     84.6    1.1%    7296.6     0     0.00
 755  293415.6   289611.2    3804.5     68.0    1.8%    3736.4     0     0.00
 756  293209.3   289404.9    3804.4     68.0    1.8%    3736.4     0     0.00
 757  292680.3   288868.8    3811.5     53.5    1.4%    3758.0     0     0.00
 758  292944.3   289279.0    3665.4     50.8    1.4%    3614.6     0     0.00
 759  326359.5   288838.2   37521.2    162.4    0.4%   37358.8     0     0.00
 760  292450.5   288785.2    3665.3     50.7    1.4%    3614.6     0     0.00
 761  291920.8   288255.5    3665.2     50.6    1.4%    3614.6     0     0.00
 762  291656.9   287993.7    3663.2     47.7    1.3%    3615.5     0     0.00
 763  293223.8   285780.4    7443.4     61.9    0.8%    7381.5     0     0.00
 764  288809.7   285146.6    3663.1     47.6    1.3%    3615.5     0     0.00
 765  299709.5   284475.4   15234.2     84.0    0.6%   15150.1     0     0.00
 766  293917.8   283903.0   10014.8     69.7    0.7%    9945.1     0     0.00
 767  310541.8   283520.9   27020.9    121.5    0.4%   26899.4     0     0.00
 768  292494.5   282384.1   10110.4     67.7    0.7%   10042.7     0     0.00
 769  306873.7   281794.9   25078.7     89.3    0.4%   24989.4     0     0.00
 770  309300.1   281622.8   27677.2     97.0    0.4%   27580.2     0     0.00
 771  291639.2   281537.2   10102.0     61.8    0.6%   10040.2     0     0.00
 772  351524.6   281308.1   70216.4    220.7    0.3%   69995.7     0     0.00
 773  284632.4   280968.6    3663.8     43.5    1.2%    3620.2     0     0.00
 774  284614.7   280916.8    3697.9     44.5    1.2%    3653.4     0     0.00
 775  304364.1   280707.9   23656.2     86.8    0.4%   23569.4     0     0.00
 776  294132.3   281585.1   12547.2     76.2    0.6%   12471.0     0     0.00
 777  340850.0   283422.0   57428.0    190.0    0.3%   57238.0     0     0.00
 778  286064.3   282578.6    3485.7     44.3    1.3%    3441.4     0     0.00
 779  321447.2   282681.3   38765.9    160.1    0.4%   38605.8     0     0.00
 780  306822.7   283625.6   23197.1     86.1    0.4%   23111.0     0     0.00
 781  288984.0   285465.2    3518.8     44.9    1.3%    3473.9     0     0.00
 782  296154.6   287494.2    8660.4     61.9    0.7%    8598.5     0     0.00
 783  328757.6   287953.4   40804.2    140.3    0.3%   40663.8     0     0.00
 784  294405.4   287262.5    7142.9     53.5    0.7%    7089.4     0     0.00
 785  291574.4   287238.0    4336.4     44.7    1.0%    4291.6     0     0.00
 786  368641.0   290740.4   77900.6    269.9    0.3%   77630.7     0     0.00
 787  305204.9   291550.9   13654.0     77.5    0.6%   13576.6     0     0.00
 788  297966.1   290358.1    7607.9     52.7    0.7%    7555.3     0     0.00
 789  348127.2   290361.0   57766.2    185.0    0.3%   57581.2     0     0.00
 790  293771.8   290195.4    3576.3     41.2    1.2%    3535.1     0     0.00
 791  302928.8   299222.7    3706.1     66.2    1.8%    3639.9     0     0.00
 792  310477.7   297958.4   12519.3    100.0    0.8%   12419.3     0     0.00
 793  321752.2   297666.6   24085.6    113.6    0.5%   23972.0     0     0.00
 794  300267.3   296550.7    3716.7     66.0    1.8%    3650.7     0     0.00
 795  304312.5   295268.1    9044.3     84.4    0.9%    8960.0     0     0.00
 796  299828.3   296085.7    3742.7     66.1    1.8%    3676.6     0     0.00
 797  305357.1   295274.5   10082.7     92.8    0.9%    9989.9     0     0.00
 798  332674.6   294451.5   38223.1    142.0    0.4%   38081.1     0     0.00
 799  301971.7   293175.0    8796.6     82.2    0.9%    8714.4     0     0.00
 800  296703.8   292422.1    4281.7     45.3    1.1%    4236.4     0     0.00
 801  321002.3   292799.6   28202.7     99.5    0.4%   28103.2     0     0.00
 802  296312.9   292602.9    3710.1     25.5    0.7%    3684.5     0     0.00
 803  328609.4   294810.3   33799.2    128.4    0.4%   33670.8     0     0.00
 804  297122.8   293472.7    3650.1     66.6    1.8%    3583.4     0     0.00
 805  311083.6   292739.2   18344.4     89.9    0.5%   18254.6     0     0.00
 806  300281.5   292167.3    8114.2     81.3    1.0%    8032.9     0     0.00
 807  322229.6   291482.0   30747.6    118.4    0.4%   30629.2     0     0.00
 808  295665.9   292103.0    3562.9     47.6    1.3%    3515.4     0     0.00
 809  294306.8   290711.0    3595.8     47.7    1.3%    3548.2     0     0.00
 810  294029.0   290463.3    3565.7     48.1    1.3%    3517.7     0     0.00
 811  293770.8   290205.1    3565.7     48.0    1.3%    3517.7     0     0.00
 812  297923.1   289928.7    7994.4     58.3    0.7%    7936.1     0     0.00
 813  342878.8   287977.6   54901.2    193.6    0.4%   54707.5     0     0.00
 814  298022.0   290789.3    7232.8     60.9    0.8%    7171.9     0     0.00
 815  320299.6   290801.0   29498.6     92.5    0.3%   29406.0     0     0.00
 816  353736.8   290790.3   62946.5    224.7    0.4%   62721.8     0     0.00
 817  335253.8   290245.2   45008.7    162.9    0.4%   44845.8     0     0.00
 818  306578.9   290066.3   16512.6     58.6    0.4%   16454.1     0     0.00
 819  325343.6   288878.9   36464.7    114.4    0.3%   36350.3     0     0.00
 820  292373.5   288812.4    3561.2     42.2    1.2%    3518.9     0     0.00
 821  332273.7   288910.5   43363.2    154.6    0.4%   43208.5     0     0.00
 822  296838.6   293141.0    3697.6     61.2    1.7%    3636.4     0     0.00
 823  328505.4   293113.6   35391.8    131.5    0.4%   35260.3     0     0.00
 824  322566.8   293116.3   29450.4     92.1    0.3%   29358.3     0     0.00
 825  296366.0   292721.4    3644.6     42.8    1.2%    3601.7     0     0.00
 826  319881.3   304260.0   15621.3     72.7    0.5%   15548.6     0     0.00
 827  318788.3   304205.9   14582.4     70.2    0.5%   14512.2     0     0.00
 828  324903.3   304090.8   20812.5    111.2    0.5%   20701.4     0     0.00
 829  319245.8   315511.0    3734.8     45.4    1.2%    3689.4     0     0.00
 830  318906.2   315173.2    3733.0     44.3    1.2%    3688.7     0     0.00
 831  338216.4   315340.1   22876.3    128.9    0.6%   22747.4     0     0.00
 832  341566.9   315336.9   26230.0    139.7    0.5%   26090.3     0     0.00
 833  324607.5   317875.9    6731.5     75.1    1.1%    6656.5     0     0.00
 834  326066.2   317395.9    8670.3     63.2    0.7%    8607.2     0     0.00
 835  321046.1   317302.7    3743.4     45.0    1.2%    3698.5     0     0.00
 836  320056.0   316312.8    3743.2     44.8    1.2%    3698.5     0     0.00
 837  380027.0   316336.0   63691.0    248.9    0.4%   63442.1     0     0.00
 838  337797.9   316139.1   21658.8    122.0    0.6%   21536.8     0     0.00
 839  318909.7   315199.9    3709.8     46.5    1.3%    3663.3     0     0.00
 840  368870.9   317227.5   51643.4    182.7    0.4%   51460.7     0     0.00
 841  325279.0   316438.6    8840.4     83.4    0.9%    8757.0     0     0.00
 842  320532.9   315952.0    4580.9     49.9    1.1%    4531.1     0     0.00
 843  324339.3   315531.0    8808.3     83.4    0.9%    8724.9     0     0.00
 844  321545.6   315521.9    6023.7     54.7    0.9%    5969.0     0     0.00
 845  318163.9   314404.8    3759.2     46.2    1.2%    3712.9     0     0.00
 846  317988.8   314230.0    3758.8     45.2    1.2%    3713.6     0     0.00
 847  317459.9   313703.0    3757.0     43.5    1.2%    3713.5     0     0.00
 848  362326.3   313311.6   49014.7    172.0    0.4%   48842.7     0     0.00
 849  320894.5   313155.9    7738.7     81.4    1.1%    7657.2     0     0.00
 850  366835.7   314887.3   51948.4    189.0    0.4%   51759.4     0     0.00
 851  360455.9   314242.8   46213.2    164.5    0.4%   46048.7     0     0.00
 852  361835.1   313640.5   48194.5    193.4    0.4%   48001.1     0     0.00
 853  325949.3   310491.9   15457.4    103.7    0.7%   15353.6     0     0.00
 854  449143.6   310379.7  138763.8    449.1    0.3%  138314.8     0     0.00
 855  408941.0   311056.1   97884.9    332.9    0.3%   97552.0     0     0.00
 856  356456.8   311463.5   44993.3    159.0    0.4%   44834.3     0     0.00
 857  315099.2   310730.0    4369.2     68.3    1.6%    4300.9     0     0.00
 858  331427.0   310366.0   21061.0    121.2    0.6%   20939.8     0     0.00
 859  324879.4   310032.5   14846.9    100.5    0.7%   14746.4     0     0.00
 860  379383.3   309827.1   69556.1    253.9    0.4%   69302.3     0     0.00
 861  372824.5   308753.8   64070.8    232.4    0.4%   63838.4     0     0.00
 862  370702.6   307958.6   62743.9    209.1    0.3%   62534.8     0     0.00
 863  311077.5   307521.0    3556.5     48.9    1.4%    3507.6     0     0.00
 864  312148.4   308583.7    3564.7     45.3    1.3%    3519.4     0     0.00
 865  357139.2   307664.2   49475.0    179.2    0.4%   49295.9     0     0.00
 866  314501.0   307358.9    7142.1     55.5    0.8%    7086.6     0     0.00
 867  352240.3   308299.1   43941.2    136.1    0.3%   43805.1     0     0.00
 868  346145.4   308120.4   38025.0    118.2    0.3%   37906.8     0     0.00
 869  351986.0   307565.7   44420.4    157.4    0.4%   44263.0     0     0.00
 870  319360.7   314833.2    4527.5     53.8    1.2%    4473.7     0     0.00
 871  320987.0   317076.8    3910.2     53.8    1.4%    3856.4     0     0.00
 872  359315.0   316931.4   42383.6    163.2    0.4%   42220.5     0     0.00
 873  350037.7   315911.6   34126.1    108.5    0.3%   34017.6     0     0.00
 874  318885.4   315265.1    3620.3     42.9    1.2%    3577.4     0     0.00
 875  318180.7   314468.2    3712.4     44.1    1.2%    3668.4     0     0.00
 876  344851.8   314779.7   30072.1     88.2    0.3%   29983.9     0     0.00
 877  320221.2   315628.3    4592.9     47.8    1.0%    4545.2     0     0.00
 878  324563.9   316117.3    8446.6     57.6    0.7%    8389.0     0     0.00
 879  345529.5   318620.6   26908.8    100.6    0.4%   26808.2     0     0.00
 880  346691.7   318231.3   28460.4    126.3    0.4%   28334.1     0     0.00
 881  338005.1   317377.8   20627.3     82.8    0.4%   20544.5     0     0.00
 882  365506.0   315844.3   49661.8    204.1    0.4%   49457.7     0     0.00
 883  319240.4   315581.9    3658.5     63.7    1.7%    3594.8     0     0.00
 884  365360.9   316485.6   48875.3    184.2    0.4%   48691.1     0     0.00
 885  319926.1   316304.1    3622.0     49.2    1.4%    3572.8     0     0.00
 886  319811.9   316161.9    3650.0     42.9    1.2%    3607.1     0     0.00
 887  322900.2   316845.4    6054.8     47.6    0.8%    6007.3     0     0.00
 888  343346.0   339800.2    3545.8     69.3    2.0%    3476.6     0     0.00
 889  361199.5   339400.1   21799.4    133.3    0.6%   21666.1     0     0.00
 890  347211.0   337560.1    9650.8     92.2    1.0%    9558.7     0     0.00
 891  387424.2   337939.3   49484.9    196.9    0.4%   49288.0     0     0.00
 892  400101.8   337433.5   62668.2    232.8    0.4%   62435.4     0     0.00
 893  338382.3   334860.3    3522.0     66.6    1.9%    3455.4     0     0.00
 894  339073.0   334793.8    4279.3     70.7    1.7%    4208.6     0     0.00
 895  338294.4   334841.5    3452.8     64.2    1.9%    3388.6     0     0.00
 896  338129.0   334611.6    3517.4     64.7    1.8%    3452.7     0     0.00
 897  394620.4   334389.7   60230.6    220.6    0.4%   60010.0     0     0.00
 898  336524.7   333043.1    3481.6     62.4    1.8%    3419.2     0     0.00
 899  335396.9   331915.4    3481.5     62.3    1.8%    3419.2     0     0.00
 900  340075.3   331641.4    8433.9     67.8    0.8%    8366.1     0     0.00
 901  401819.0   330499.4   71319.6    237.0    0.3%   71082.6     0     0.00
 902  356973.8   329202.2   27771.5    133.5    0.5%   27638.1     0     0.00
 903  337811.2   328267.1    9544.1     71.1    0.7%    9473.0     0     0.00
 904  347971.5   328692.5   19279.1    100.1    0.5%   19178.9     0     0.00
 905  340840.3   328415.1   12425.2     78.8    0.6%   12346.4     0     0.00
 906  333229.2   327650.6    5578.6     51.9    0.9%    5526.7     0     0.00
 907  333417.6   329967.2    3450.4     64.0    1.9%    3386.4     0     0.00
 908  355726.4   329274.5   26451.9    145.0    0.5%   26306.9     0     0.00
 909  338215.9   328948.5    9267.4     87.3    0.9%    9180.1     0     0.00
 910  332258.2   328794.6    3463.5     46.6    1.3%    3416.9     0     0.00
 911  372080.3   328489.2   43591.1    154.4    0.4%   43436.7     0     0.00
 912  331891.6   328428.1    3463.4     46.5    1.3%    3416.9     0     0.00
 913  331702.9   328242.2    3460.7     43.7    1.3%    3417.0     0     0.00
 914  334214.3   328166.6    6047.6     54.3    0.9%    5993.3     0     0.00
 915  352366.3   328793.9   23572.4    113.9    0.5%   23458.5     0     0.00
 916  332204.9   328734.0    3470.9     43.7    1.3%    3427.2     0     0.00
 917  334723.4   331245.2    3478.3     48.1    1.4%    3430.1     0     0.00
 918  334228.0   330789.7    3438.3     47.0    1.4%    3391.3     0     0.00
 919  333815.4   330380.2    3435.2     44.0    1.3%    3391.2     0     0.00
 920  333645.8   330210.7    3435.1     43.9    1.3%    3391.2     0     0.00
 921  405768.9   327167.8   78601.1    247.9    0.3%   78353.2     0     0.00
 922  341438.7   327367.5   14071.2     79.1    0.6%   13992.1     0     0.00
 923  361670.4   327006.3   34664.1    124.4    0.4%   34539.6     0     0.00
 924  329804.3   326367.3    3437.0     44.1    1.3%    3392.9     0     0.00
 925  349820.7   325778.8   24041.9    113.4    0.5%   23928.4     0     0.00
 926  328932.2   325495.3    3436.9     44.0    1.3%    3392.9     0     0.00
 927  332987.1   324746.6    8240.5     57.2    0.7%    8183.3     0     0.00
 928  378965.9   326286.2   52679.7    170.8    0.3%   52508.9     0     0.00
 929  330365.1   326900.6    3464.5     42.6    1.2%    3421.9     0     0.00
 930  330059.6   326596.1    3463.5     41.4    1.2%    3422.1     0     0.00
 931  341083.8   324816.5   16267.4     87.0    0.5%   16180.4     0     0.00
 932  328056.8   324568.7    3488.0     41.7    1.2%    3446.3     0     0.00
 933  344892.5   327704.1   17188.4     91.8    0.5%   17096.6     0     0.00
 934  332970.9   329443.7    3527.2     61.7    1.7%    3465.5     0     0.00
 935  382163.0   327747.1   54415.9    192.0    0.4%   54224.0     0     0.00
 936  331143.4   327616.3    3527.1     61.6    1.7%    3465.5     0     0.00
 937  331160.7   327653.6    3507.1     43.4    1.2%    3463.7     0     0.00
 938  348576.3   328782.3   19794.0     81.9    0.4%   19712.1     0     0.00
 939  336512.7   328456.6    8056.1     63.5    0.8%    7992.6     0     0.00
 940  336632.9   326935.3    9697.6     67.6    0.7%    9630.0     0     0.00
 941  372543.4   328965.9   43577.5    160.7    0.4%   43416.7     0     0.00
 942  382515.1   328474.4   54040.7    190.4    0.4%   53850.2     0     0.00
 943  388921.1   327572.1   61349.0    195.4    0.3%   61153.6     0     0.00
 944  374881.4   327565.0   47316.4    150.1    0.3%   47166.2     0     0.00
 945  363890.3   327094.1   36796.2    118.7    0.3%   36677.4     0     0.00
 946  359774.6   326140.1   33634.5    110.7    0.3%   33523.7     0     0.00
 947  352534.5   325775.2   26759.2     89.9    0.3%   26669.3     0     0.00
 948  388514.1   325939.1   62575.1    192.7    0.3%   62382.4     0     0.00
 949  329240.8   325726.5    3514.3     44.2    1.3%    3470.1     0     0.00
 950  332794.7   324299.4    8495.3     59.8    0.7%    8435.5     0     0.00
 951  336397.0   323168.5   13228.5     73.5    0.6%   13155.0     0     0.00
 952  332483.7   323115.5    9368.2     63.3    0.7%    9304.9     0     0.00
 953  329050.6   322745.6    6305.0     50.5    0.8%    6254.6     0     0.00
 954  388847.1   327111.9   61735.2    185.3    0.3%   61549.9     0     0.00
 955  330122.9   326587.5    3535.4     42.3    1.2%    3493.1     0     0.00
 956  330729.1   326525.6    4203.5     46.8    1.1%    4156.7     0     0.00
 957  349022.6   328332.7   20689.9     70.0    0.3%   20619.9     0     0.00
 958  333738.1   330174.5    3563.6     46.6    1.3%    3517.0     0     0.00
 959  358234.0   329951.1   28282.9     88.5    0.3%   28194.4     0     0.00
 960  386142.3   329196.9   56945.4    169.5    0.3%   56775.9     0     0.00
 961  331981.5   328421.0    3560.5     42.3    1.2%    3518.1     0     0.00
 962  332491.5   328106.2    4385.4     43.1    1.0%    4342.3     0     0.00
 963  375513.2   345257.1   30256.2    122.9    0.4%   30133.3     0     0.00
 964  359506.8   345213.9   14292.9     94.4    0.7%   14198.5     0     0.00
 965  385167.8   344965.2   40202.6    147.0    0.4%   40055.5     0     0.00
 966  350912.6   344452.6    6460.0     50.9    0.8%    6409.2     0     0.00
 967  373632.5   344479.0   29153.5    117.2    0.4%   29036.3     0     0.00
 968  388045.5   344160.2   43885.3    151.2    0.3%   43734.1     0     0.00
 969  405081.7   352649.2   52432.6    165.4    0.3%   52267.1     0     0.00
 970  363376.6   352625.8   10750.8     65.2    0.6%   10685.6     0     0.00
 971  405822.6   351659.3   54163.3    167.7    0.3%   53995.6     0     0.00
 972  364774.7   352602.6   12172.0     88.3    0.7%   12083.7     0     0.00
 973  404099.7   352391.5   51708.2    160.2    0.3%   51548.0     0     0.00
 974  354954.1   351217.6    3736.5     64.3    1.7%    3672.3     0     0.00
 975  400885.3   352195.2   48690.1    153.0    0.3%   48537.1     0     0.00
 976  395212.9   351860.4   43352.5    141.2    0.3%   43211.3     0     0.00
 977  356440.3   352719.5    3720.8     43.1    1.2%    3677.8     0     0.00
 978  360460.6   351623.8    8836.8     76.9    0.9%    8759.9     0     0.00
 979  372832.2   350323.2   22508.9     96.0    0.4%   22412.9     0     0.00
 980  369245.3   353097.0   16148.4     80.5    0.5%   16067.9     0     0.00
 981  356473.4   352760.1    3713.3     43.2    1.2%    3670.2     0     0.00
 982  358789.1   355106.9    3682.1     63.8    1.7%    3618.3     0     0.00
 983  361947.8   354955.1    6992.7     73.4    1.0%    6919.4     0     0.00
 984  359400.2   354834.5    4565.7     66.3    1.5%    4499.4     0     0.00
 985  358687.3   354121.7    4565.6     66.2    1.5%    4499.4     0     0.00
 986  357637.2   353951.0    3686.1     61.7    1.7%    3624.4     0     0.00
 987  358780.3   353618.4    5161.9     67.4    1.3%    5094.4     0     0.00
 988  398045.9   353661.7   44384.2    117.9    0.3%   44266.3     0     0.00
 989  393394.5   354177.3   39217.3    123.0    0.3%   39094.2     0     0.00
 990  400831.3   353639.6   47191.7    138.4    0.3%   47053.3     0     0.00
 991  400383.7   352338.9   48044.8    140.0    0.3%   47904.8     0     0.00
 992  359072.8   351547.5    7525.3     56.3    0.7%    7468.9     0     0.00
 993  356023.2   352250.2    3773.0     43.7    1.2%    3729.3     0     0.00
 994  392547.1   352491.2   40055.9    120.7    0.3%   39935.2     0     0.00
 995  364262.6   355449.3    8813.2     56.2    0.6%    8757.1     0     0.00
 996  359224.6   355494.0    3730.6     43.7    1.2%    3686.9     0     0.00
 997  359979.4   355430.9    4548.5     44.8    1.0%    4503.8     0     0.00
 998  367653.0   355298.9   12354.2     61.6    0.5%   12292.6     0     0.00
 999  358867.4   355139.4    3728.0     42.7    1.1%    3685.3     0     0.00
