共 1000 条请求，成功 1000，失败 0

===== 汇总（仅成功请求） =====
  latency（端到端）                 n=1000 mean=210008.22ms  p50=223844.88  p90=337475.69  p99=399010.86  min=  2915.39  max=449278.85
  P端prefill+网络（推算）             n=1000 mean=187663.93ms  p50=202698.28  p90=320381.75  p99=352812.44  min=    49.63  max=356584.64
  D端总耗时（排队+decode）             n=1000 mean= 22344.28ms  p50= 10236.15  p90= 52550.06  p99=138500.81  min=  2854.60  max=140481.88
  D端排队+调度（推算）                  n=1000 mean=   107.16ms  p50=    75.74  p90=   204.84  p99=   446.55  min=    27.68  max=   491.90
  D端排队占比                       n=1000 mean=     0.83%  p50=     0.66  p90=     1.45  p99=     1.90  min=     0.25  max=     2.06
  D端GPU decode（纯算）             n=1000 mean= 22237.12ms  p50= 10160.19  p90= 52390.41  p99=138108.04  min=  2818.71  max=140035.35
  轮均GPU耗时                      无数据

===== 逐轮 GPU forward 耗时分布（所有请求合并） =====
  每轮 forward                   无数据

===== 逐请求明细 =====
 idx   latency     P端(推算)       D端总       排队     排队%       GPU    轮数       轮均
   0   27478.8       49.6   27429.2    137.1    0.5%   27292.1     0     0.00
   1    2915.4       60.8    2854.6     35.9    1.3%    2818.7     0     0.00
   2    7158.1       82.9    7075.2     53.7    0.8%    7021.5     0     0.00
   3    2978.3       66.1    2912.2     38.6    1.3%    2873.6     0     0.00
   4    2997.3       77.8    2919.5     37.7    1.3%    2881.8     0     0.00
   5   21797.2       81.6   21715.6    137.9    0.6%   21577.7     0     0.00
   6   46012.6       75.8   45936.8    226.5    0.5%   45710.3     0     0.00
   7   30172.8       75.1   30097.7    173.9    0.6%   29923.7     0     0.00
   8   36464.8       62.4   36402.4    189.3    0.5%   36213.1     0     0.00
   9    8338.0       66.7    8271.3     61.5    0.7%    8209.9     0     0.00
  10    7117.7       80.0    7037.7     53.5    0.8%    6984.3     0     0.00
  11   59427.7       89.7   59338.0    282.0    0.5%   59055.9     0     0.00
  12   19836.6       81.3   19755.2    130.5    0.7%   19624.8     0     0.00
  13   17976.9       82.4   17894.5    124.1    0.7%   17770.4     0     0.00
  14    3106.8       80.6    3026.2     38.4    1.3%    2987.8     0     0.00
  15    7581.6       64.1    7517.5     81.9    1.1%    7435.6     0     0.00
  16   20785.8       67.0   20718.8    136.3    0.7%   20582.5     0     0.00
  17   34348.4       81.7   34266.7    181.6    0.5%   34085.1     0     0.00
  18   38767.5       86.7   38680.8    198.6    0.5%   38482.2     0     0.00
  19    3985.5       81.0    3904.5     67.5    1.7%    3837.1     0     0.00
  20    3257.8       94.7    3163.1     43.6    1.4%    3119.5     0     0.00
  21   39332.0      113.9   39218.1    204.8    0.5%   39013.3     0     0.00
  22   44097.7       71.1   44026.6    225.5    0.5%   43801.1     0     0.00
  23   29964.7       69.8   29894.9    148.9    0.5%   29746.1     0     0.00
  24  134945.5       93.1  134852.4    449.7    0.3%  134402.7     0     0.00
  25   49005.5       93.3   48912.3    243.7    0.5%   48668.6     0     0.00
  26    3292.0       81.9    3210.1     66.2    2.1%    3143.9     0     0.00
  27    5640.9       96.9    5544.0     74.5    1.3%    5469.5     0     0.00
  28    6378.1       89.1    6289.0     75.2    1.2%    6213.8     0     0.00
  29  135047.3       68.2  134979.1    448.6    0.3%  134530.6     0     0.00
  30   26648.2       79.4   26568.8    151.8    0.6%   26417.0     0     0.00
  31    3302.8       94.3    3208.5     64.1    2.0%    3144.4     0     0.00
  32    3289.9       82.3    3207.6     63.2    2.0%    3144.4     0     0.00
  33   32538.4       69.9   32468.6    150.6    0.5%   32318.0     0     0.00
  34   41527.2       99.5   41427.7    192.7    0.5%   41235.1     0     0.00
  35    4971.2       78.8    4892.4     49.3    1.0%    4843.1     0     0.00
  36   35615.0      102.9   35512.1    167.3    0.5%   35344.8     0     0.00
  37   35258.6       92.7   35165.9    169.7    0.5%   34996.2     0     0.00
  38    7863.0       95.0    7768.0     59.1    0.8%    7708.9     0     0.00
  39    4086.8       78.0    4008.8     45.1    1.1%    3963.7     0     0.00
  40    6601.4       96.6    6504.8     53.9    0.8%    6450.9     0     0.00
  41   28823.8       73.2   28750.5    138.0    0.5%   28612.5     0     0.00
  42   10955.3       99.5   10855.8     78.8    0.7%   10777.0     0     0.00
  43    6682.2       65.6    6616.7     56.9    0.9%    6559.8     0     0.00
  44   26558.2       76.8   26481.5    125.7    0.5%   26355.8     0     0.00
  45    3404.7      100.2    3304.5     42.7    1.3%    3261.8     0     0.00
  46   43206.6       81.4   43125.2    193.6    0.4%   42931.5     0     0.00
  47    3411.5       77.5    3334.0     43.8    1.3%    3290.2     0     0.00
  48    3415.5       81.2    3334.2     43.8    1.3%    3290.4     0     0.00
  49    3423.2       89.3    3333.9     43.2    1.3%    3290.7     0     0.00
  50   67707.6       90.6   67617.0    243.1    0.4%   67373.9     0     0.00
  51    3435.6       97.9    3337.7     44.1    1.3%    3293.6     0     0.00
  52  136694.3       87.8  136606.4    416.6    0.3%  136189.8     0     0.00
  53    3444.6       93.8    3350.8     46.1    1.4%    3304.6     0     0.00
  54    3735.4       84.0    3651.3     47.2    1.3%    3604.1     0     0.00
  55    3447.0       72.3    3374.7     47.2    1.4%    3327.5     0     0.00
  56   18856.9       95.4   18761.5     75.1    0.4%   18686.4     0     0.00
  57    3457.6       78.7    3378.9     47.0    1.4%    3331.9     0     0.00
  58    3475.4       95.5    3379.9     46.5    1.4%    3333.4     0     0.00
  59    8287.6       74.0    8213.6     60.8    0.7%    8152.8     0     0.00
  60    6931.4       85.7    6845.7     57.2    0.8%    6788.4     0     0.00
  61    3486.3       86.1    3400.2     45.3    1.3%    3354.9     0     0.00
  62   30454.7       96.9   30357.8    143.8    0.5%   30214.0     0     0.00
  63   26837.9       81.4   26756.5    133.3    0.5%   26623.2     0     0.00
  64   50895.1       88.6   50806.5    188.1    0.4%   50618.4     0     0.00
  65    3501.9       73.9    3428.0     43.5    1.3%    3384.5     0     0.00
  66    3530.2      100.0    3430.2     42.3    1.2%    3387.9     0     0.00
  67   28370.2       91.6   28278.6    133.6    0.5%   28145.0     0     0.00
  68    3829.2      382.1    3447.1     41.4    1.2%    3405.7     0     0.00
  69    5583.9     2121.2    3462.6     40.7    1.2%    3421.9     0     0.00
  70   15419.3     8259.2    7160.1     77.9    1.1%    7082.2     0     0.00
  71   26172.4     8835.3   17337.2    121.2    0.7%   17215.9     0     0.00
  72   21257.5     8854.1   12403.4    101.1    0.8%   12302.3     0     0.00
  73   12347.3     8832.0    3515.3     59.5    1.7%    3455.8     0     0.00
  74   48430.2     8225.6   40204.6    192.2    0.5%   40012.4     0     0.00
  75    9730.8     6234.5    3496.3     40.2    1.2%    3456.0     0     0.00
  76   17781.4    10254.3    7527.1     87.1    1.2%    7439.9     0     0.00
  77   24780.4    10101.0   14679.4    113.6    0.8%   14565.8     0     0.00
  78   52145.4    10923.6   41221.8    173.6    0.4%   41048.2     0     0.00
  79   27647.9    10575.3   17072.6    121.1    0.7%   16951.5     0     0.00
  80   34509.5     8856.2   25653.3    127.9    0.5%   25525.4     0     0.00
  81   11609.9     8121.5    3488.3     51.4    1.5%    3437.0     0     0.00
  82   12759.9     7732.6    5027.3     55.9    1.1%    4971.4     0     0.00
  83   31579.4     8197.0   23382.3    120.4    0.5%   23261.9     0     0.00
  84   11550.0     8068.5    3481.5     52.3    1.5%    3429.2     0     0.00
  85   31154.7     7740.5   23414.2    117.4    0.5%   23296.8     0     0.00
  86    9955.7     6479.0    3476.6     48.7    1.4%    3427.9     0     0.00
  87   23929.0     6044.8   17884.2     98.2    0.5%   17786.1     0     0.00
  88   12726.3     5774.0    6952.4     57.1    0.8%    6895.2     0     0.00
  89  144442.6     5942.2  138500.4    392.8    0.3%  138107.6     0     0.00
  90   36550.4     5576.5   30973.9    114.2    0.4%   30859.7     0     0.00
  91  143066.0     4522.0  138544.0    387.8    0.3%  138156.1     0     0.00
  92   45910.9     4822.2   41088.7    137.5    0.3%   40951.1     0     0.00
  93   31479.9     7772.8   23707.2    113.6    0.5%   23593.6     0     0.00
  94   10634.7     7141.8    3492.9     45.9    1.3%    3447.0     0     0.00
  95   73603.9     6054.7   67549.2    194.9    0.3%   67354.3     0     0.00
  96   13092.3     6407.3    6685.0     55.1    0.8%    6629.9     0     0.00
  97   21109.9     5612.5   15497.4     86.2    0.6%   15411.2     0     0.00
  98   58846.0     6345.9   52500.1    155.3    0.3%   52344.8     0     0.00
  99   12975.0     5933.7    7041.3     51.9    0.7%    6989.4     0     0.00
 100   69305.3     8659.2   60646.1    175.3    0.3%   60470.8     0     0.00
 101   27671.0     8631.6   19039.4     93.6    0.5%   18945.9     0     0.00
 102   11096.1     7611.8    3484.3     46.3    1.3%    3438.0     0     0.00
 103   50317.5     7226.3   43091.2    133.7    0.3%   42957.5     0     0.00
 104   12049.9     8551.2    3498.7     42.4    1.2%    3456.3     0     0.00
 105   11732.3     8237.5    3494.8     39.3    1.1%    3455.5     0     0.00
 106   72370.7     7901.9   64468.8    177.6    0.3%   64291.2     0     0.00
 107   19992.8    10694.9    9297.9     61.6    0.7%    9236.3     0     0.00
 108   27173.9    10483.9   16690.0     62.5    0.4%   16627.5     0     0.00
 109   13558.5    10096.3    3462.2     43.0    1.2%    3419.1     0     0.00
 110   26130.6     9865.3   16265.3     61.6    0.4%   16203.8     0     0.00
 111   13145.9     9680.8    3465.0     42.7    1.2%    3422.4     0     0.00
 112   12902.8     9437.9    3464.9     41.3    1.2%    3423.6     0     0.00
 113   12888.1     9423.2    3464.9     41.3    1.2%    3423.6     0     0.00
 114   17303.3     9293.1    8010.2     57.2    0.7%    7953.0     0     0.00
 115   30700.2     9195.9   21504.3     92.5    0.4%   21411.8     0     0.00
 116   51106.0     8754.9   42351.1    124.2    0.3%   42226.9     0     0.00
 117   11235.4     7770.8    3464.7     41.0    1.2%    3423.6     0     0.00
 118   14046.6    10532.6    3514.1     42.4    1.2%    3471.6     0     0.00
 119   54479.2    13941.9   40537.3    117.8    0.3%   40419.5     0     0.00
 120   16919.4    13403.4    3516.0     43.2    1.2%    3472.7     0     0.00
 121  154047.5    13700.0  140347.5    396.7    0.3%  139950.8     0     0.00
 122   50537.9    12776.8   37761.1    109.1    0.3%   37652.0     0     0.00
 123   46571.5    12484.9   34086.5    100.3    0.3%   33986.2     0     0.00
 124  160242.7    19801.2  140441.6    437.7    0.3%  140003.8     0     0.00
 125   25703.1    20125.9    5577.2     65.9    1.2%    5511.3     0     0.00
 126   34953.6    20118.9   14834.7     71.5    0.5%   14763.1     0     0.00
 127   45945.6    19447.5   26498.2     96.3    0.4%   26401.9     0     0.00
 128   74157.7    19306.0   54851.8    164.7    0.3%   54687.1     0     0.00
 129   82343.4    19995.0   62348.5    184.5    0.3%   62163.9     0     0.00
 130   34991.8    19504.8   15486.9     70.8    0.5%   15416.1     0     0.00
 131   60083.2    29015.5   31067.7    105.5    0.3%   30962.2     0     0.00
 132  103716.5    29014.9   74701.6    224.5    0.3%   74477.1     0     0.00
 133   71160.2    48419.5   22740.7     87.3    0.4%   22653.4     0     0.00
 134   53524.2    49937.6    3586.5     41.2    1.1%    3545.4     0     0.00
 135   63281.8    58761.9    4519.9     46.6    1.0%    4473.3     0     0.00
 136   63123.2    58603.4    4519.8     46.6    1.0%    4473.3     0     0.00
 137   73697.6    58016.1   15681.5     74.9    0.5%   15606.6     0     0.00
 138   69108.3    58475.6   10632.8     59.1    0.6%   10573.6     0     0.00
 139   62037.7    58316.9    3720.8     41.8    1.1%    3679.0     0     0.00
 140   65508.5    60753.5    4755.0     45.2    0.9%    4709.9     0     0.00
 141   92455.7    61804.2   30651.6    115.5    0.4%   30536.1     0     0.00
 142   65321.6    61593.1    3728.5     41.2    1.1%    3687.3     0     0.00
 143   72182.3    61322.9   10859.4     59.1    0.5%   10800.3     0     0.00
 144   73013.4    68567.0    4446.4     47.4    1.1%    4399.0     0     0.00
 145   83587.5    70584.2   13003.3     90.0    0.7%   12913.3     0     0.00
 146   79656.7    69469.2   10187.5     57.2    0.6%   10130.3     0     0.00
 147  125716.1    70613.9   55102.1    184.1    0.3%   54918.1     0     0.00
 148   98330.1    70630.7   27699.4    107.8    0.4%   27591.6     0     0.00
 149   82465.6    70963.4   11502.2     82.2    0.7%   11420.0     0     0.00
 150   87182.9    78405.2    8777.7     58.7    0.7%    8719.0     0     0.00
 151   86517.5    78461.5    8056.0     54.9    0.7%    8001.1     0     0.00
 152  127533.5    78419.3   49114.3    188.7    0.4%   48925.5     0     0.00
 153   82074.4    78375.1    3699.3     62.9    1.7%    3636.4     0     0.00
 154   86173.9    77739.5    8434.3     55.6    0.7%    8378.7     0     0.00
 155   95579.7    77617.0   17962.6     83.1    0.5%   17879.6     0     0.00
 156   82730.8    77042.5    5688.3     49.4    0.9%    5638.9     0     0.00
 157   85393.5    76476.6    8916.9     57.7    0.6%    8859.2     0     0.00
 158   93417.7    76976.8   16440.9     95.2    0.6%   16345.7     0     0.00
 159   84186.3    76815.9    7370.4     53.4    0.7%    7317.0     0     0.00
 160   97686.9    75029.6   22657.4     96.6    0.4%   22560.7     0     0.00
 161  107593.9    74230.5   33363.4    123.4    0.4%   33240.0     0     0.00
 162  117956.4    73869.3   44087.2    152.3    0.3%   43934.8     0     0.00
 163  127460.3    73742.0   53718.3    199.4    0.4%   53518.8     0     0.00
 164  118889.3    73216.8   45672.5    157.5    0.3%   45515.0     0     0.00
 165   91860.4    73023.8   18836.6     83.8    0.4%   18752.8     0     0.00
 166   84143.7    80424.1    3719.6     45.1    1.2%    3674.6     0     0.00
 167   84122.7    80403.7    3718.9     43.9    1.2%    3675.0     0     0.00
 168   90239.7    81383.8    8855.9     58.7    0.7%    8797.2     0     0.00
 169  127177.9    85216.7   41961.2    153.8    0.4%   41807.4     0     0.00
 170   93940.2    85042.7    8897.5     79.7    0.9%    8817.8     0     0.00
 171   89316.2    83357.9    5958.3     71.8    1.2%    5886.5     0     0.00
 172   89597.7    82315.0    7282.7     75.0    1.0%    7207.6     0     0.00
 173  151775.2    82133.0   69642.2    267.4    0.4%   69374.8     0     0.00
 174   84886.6    81155.2    3731.4     41.9    1.1%    3689.5     0     0.00
 175   84701.5    80970.2    3731.3     41.8    1.1%    3689.5     0     0.00
 176  123040.4    79569.5   43470.8    177.5    0.4%   43293.3     0     0.00
 177  143834.4    82721.4   61113.0    239.2    0.4%   60873.8     0     0.00
 178  104189.1    82864.6   21324.5     89.3    0.4%   21235.2     0     0.00
 179  134139.9    82752.3   51387.6    205.4    0.4%   51182.2     0     0.00
 180  115020.2    83629.2   31391.0    120.3    0.4%   31270.7     0     0.00
 181   91422.7    82574.1    8848.6     59.8    0.7%    8788.8     0     0.00
 182   90991.3    82591.4    8399.9     57.4    0.7%    8342.5     0     0.00
 183  127146.8    81734.2   45412.6    164.2    0.4%   45248.4     0     0.00
 184   83814.2    80096.5    3717.7     43.6    1.2%    3674.1     0     0.00
 185   88348.7    79967.8    8380.9     39.4    0.5%    8341.5     0     0.00
 186  123671.0    79945.6   43725.3    139.3    0.3%   43586.0     0     0.00
 187  136828.2    82661.1   54167.1    214.2    0.4%   53953.0     0     0.00
 188   84564.3    80878.0    3686.3     42.5    1.2%    3643.8     0     0.00
 189  107898.0    98381.1    9517.0     82.9    0.9%    9434.0     0     0.00
 190  157059.1    98028.2   59030.9    267.3    0.5%   58763.5     0     0.00
 191  103446.2    97825.5    5620.7     70.1    1.2%    5550.6     0     0.00
 192  129010.2    97611.2   31399.0    154.8    0.5%   31244.3     0     0.00
 193  102084.1    97532.4    4551.7     46.7    1.0%    4505.0     0     0.00
 194  101488.6    96935.6    4552.9     47.6    1.0%    4505.4     0     0.00
 195  144253.3    96688.1   47565.1    221.3    0.5%   47343.8     0     0.00
 196  112892.5    96685.8   16206.7    101.8    0.6%   16105.0     0     0.00
 197  104329.2   100527.5    3801.7     66.0    1.7%    3735.7     0     0.00
 198  109907.2    99978.7    9928.5     65.1    0.7%    9863.4     0     0.00
 199  109451.6   100420.6    9031.0     61.2    0.7%    8969.8     0     0.00
 200  122461.7   100247.4   22214.3    127.0    0.6%   22087.3     0     0.00
 201  119987.9   100086.9   19901.0     97.0    0.5%   19803.9     0     0.00
 202  147350.0    99059.5   48290.5    227.0    0.5%   48063.5     0     0.00
 203  101727.1    97911.8    3815.3     61.5    1.6%    3753.8     0     0.00
 204  132300.3   100326.8   31973.4    160.6    0.5%   31812.8     0     0.00
 205  109872.9   100815.6    9057.4     83.8    0.9%    8973.6     0     0.00
 206  110911.0   101840.0    9071.0     81.3    0.9%    8989.7     0     0.00
 207  133075.8    99734.2   33341.6    170.1    0.5%   33171.5     0     0.00
 208  103166.6    99359.0    3807.7     42.8    1.1%    3764.8     0     0.00
 209  107203.1   103375.9    3827.2     68.9    1.8%    3758.4     0     0.00
 210  146215.7   103534.1   42681.7    211.5    0.5%   42470.2     0     0.00
 211  108683.5   103424.7    5258.8     70.6    1.3%    5188.2     0     0.00
 212  129051.9   102551.7   26500.2    140.3    0.5%   26359.9     0     0.00
 213  128488.0   101204.7   27283.3    145.2    0.5%   27138.1     0     0.00
 214  110093.9   102521.3    7572.6     58.7    0.8%    7513.9     0     0.00
 215  158736.8   101801.2   56935.6    275.5    0.5%   56660.1     0     0.00
 216  105034.7   101221.3    3813.3     45.1    1.2%    3768.2     0     0.00
 217  105257.5   101471.6    3786.0     27.7    0.7%    3758.3     0     0.00
 218  141731.1   100609.7   41121.5    212.2    0.5%   40909.2     0     0.00
 219  130572.0   104049.5   26522.4    156.7    0.6%   26365.8     0     0.00
 220  107187.9   103444.0    3743.9     68.1    1.8%    3675.8     0     0.00
 221  168743.1   104717.4   64025.7    266.8    0.4%   63758.9     0     0.00
 222  116395.8   104659.1   11736.6     92.1    0.8%   11644.6     0     0.00
 223  107621.8   103936.9    3685.0     63.6    1.7%    3621.4     0     0.00
 224  108556.7   104926.5    3630.2     65.4    1.8%    3564.8     0     0.00
 225  154125.4   104215.9   49909.5    250.5    0.5%   49659.1     0     0.00
 226  107487.1   103825.5    3661.7     63.9    1.7%    3597.8     0     0.00
 227  171156.8   102904.7   68252.1    271.7    0.4%   67980.4     0     0.00
 228  124763.6   102676.0   22087.6    137.3    0.6%   21950.3     0     0.00
 229  106130.3   102468.8    3661.5     63.8    1.7%    3597.8     0     0.00
 230  105955.4   102293.9    3661.5     63.7    1.7%    3597.8     0     0.00
 231  136389.0   101285.3   35103.7    192.9    0.5%   34910.8     0     0.00
 232  136025.6   100823.1   35202.5    194.8    0.6%   35007.7     0     0.00
 233  179795.3   102637.6   77157.7    275.3    0.4%   76882.4     0     0.00
 234  239432.7   101546.5  137886.2    457.6    0.3%  137428.6     0     0.00
 235  108681.1   101510.0    7171.2     60.8    0.8%    7110.3     0     0.00
 236  110608.6   101377.0    9231.5     63.7    0.7%    9167.8     0     0.00
 237  105928.4   101422.6    4505.8     50.8    1.1%    4454.9     0     0.00
 238  105048.4   101402.0    3646.4     43.3    1.2%    3603.1     0     0.00
 239  113622.6   105384.2    8238.4     57.7    0.7%    8180.8     0     0.00
 240  242399.7   104411.1  137988.6    456.4    0.3%  137532.2     0     0.00
 241  139942.0   103637.9   36304.1    188.3    0.5%   36115.7     0     0.00
 242  114531.8   102756.0   11775.8     79.3    0.7%   11696.5     0     0.00
 243  112382.1   102546.7    9835.4     70.4    0.7%    9765.0     0     0.00
 244  111744.8   102169.9    9574.9     66.0    0.7%    9509.0     0     0.00
 245  118213.2   104635.8   13577.4     99.3    0.7%   13478.1     0     0.00
 246  108655.3   104429.5    4225.8     45.5    1.1%    4180.3     0     0.00
 247  112523.1   105468.8    7054.3     62.0    0.9%    6992.3     0     0.00
 248  108861.0   105343.2    3517.8     42.1    1.2%    3475.7     0     0.00
 249  153460.3   105654.7   47805.5    189.5    0.4%   47616.0     0     0.00
 250  112164.5   108628.0    3536.6     52.9    1.5%    3483.6     0     0.00
 251  111123.7   107589.1    3534.6     50.4    1.4%    3484.1     0     0.00
 252  173149.3   107239.6   65909.7    235.8    0.4%   65674.0     0     0.00
 253  109511.3   105944.5    3566.7     52.6    1.5%    3514.2     0     0.00
 254  109871.0   106384.2    3486.7     51.7    1.5%    3435.0     0     0.00
 255  132153.8   106254.8   25899.0    152.9    0.6%   25746.1     0     0.00
 256  118280.1   105775.3   12504.8     86.3    0.7%   12418.5     0     0.00
 257  123127.4   104929.5   18197.9    118.5    0.7%   18079.4     0     0.00
 258  108399.4   104922.3    3477.1     48.8    1.4%    3428.4     0     0.00
 259  107844.3   104367.3    3477.1     48.7    1.4%    3428.4     0     0.00
 260  113269.9   104512.8    8757.2     72.1    0.8%    8685.1     0     0.00
 261  108023.4   104483.2    3540.2     48.0    1.4%    3492.2     0     0.00
 262  125690.8   103499.2   22191.7    133.6    0.6%   22058.1     0     0.00
 263  117610.6   103512.9   14097.7     83.8    0.6%   14013.9     0     0.00
 264  113068.9   103409.6    9659.3     68.4    0.7%    9590.9     0     0.00
 265  104695.9   101192.3    3503.6     43.9    1.3%    3459.7     0     0.00
 266  106441.2   102989.9    3451.3     46.1    1.3%    3405.3     0     0.00
 267  116443.3   103023.3   13419.9     86.7    0.6%   13333.3     0     0.00
 268  110909.9   103948.0    6961.9     60.5    0.9%    6901.5     0     0.00
 269  107555.6   104098.3    3457.3     46.6    1.3%    3410.7     0     0.00
 270  107007.8   103547.8    3460.1     46.5    1.3%    3413.6     0     0.00
 271  118828.3   104325.8   14502.5     98.3    0.7%   14404.3     0     0.00
 272  107180.9   103694.4    3486.5     48.5    1.4%    3438.0     0     0.00
 273  113373.9   103488.7    9885.2     71.9    0.7%    9813.3     0     0.00
 274  152459.1   102468.0   49991.1    173.8    0.3%   49817.3     0     0.00
 275  104761.3   101267.0    3494.4     44.7    1.3%    3449.6     0     0.00
 276  111790.7   102375.9    9414.8     69.1    0.7%    9345.7     0     0.00
 277  180041.7   102329.4   77712.3    244.0    0.3%   77468.3     0     0.00
 278  114525.6   104604.4    9921.2     82.5    0.8%    9838.7     0     0.00
 279  108853.3   105354.9    3498.4     41.3    1.2%    3457.1     0     0.00
 280  139853.2   104828.2   35025.0    129.3    0.4%   34895.7     0     0.00
 281  160062.5   104841.1   55221.4    184.2    0.3%   55037.2     0     0.00
 282  111951.6   108405.4    3546.2     58.4    1.6%    3487.8     0     0.00
 283  154192.9   106414.6   47778.4    154.8    0.3%   47623.6     0     0.00
 284  201460.5   107065.3   94395.2    296.8    0.3%   94098.4     0     0.00
 285  195985.0   107992.6   87992.3    282.8    0.3%   87709.5     0     0.00
 286  122991.4   107691.8   15299.6     96.0    0.6%   15203.6     0     0.00
 287  111032.7   107542.0    3490.7     54.5    1.6%    3436.2     0     0.00
 288  135944.4   107609.5   28334.9     99.3    0.4%   28235.6     0     0.00
 289  109905.6   106386.8    3518.7     51.1    1.5%    3467.7     0     0.00
 290  154766.0   104898.1   49867.9    158.5    0.3%   49709.4     0     0.00
 291  106665.9   103149.3    3516.6     49.9    1.4%    3466.7     0     0.00
 292  106607.7   103091.1    3516.6     49.9    1.4%    3466.7     0     0.00
 293  107132.1   103584.6    3547.5     50.9    1.4%    3496.6     0     0.00
 294  106650.9   103103.4    3547.5     50.9    1.4%    3496.6     0     0.00
 295  104726.5   101210.5    3516.0     51.8    1.5%    3464.2     0     0.00
 296  162413.8   100852.7   61561.1    187.4    0.3%   61373.7     0     0.00
 297  135174.0   100561.0   34613.1    107.8    0.3%   34505.3     0     0.00
 298  129727.0   100085.5   29641.5     93.1    0.3%   29548.3     0     0.00
 299  103481.9    99965.9    3516.0     50.0    1.4%    3466.0     0     0.00
 300  111681.7   101701.9    9979.8     67.0    0.7%    9912.8     0     0.00
 301  158609.7   101906.6   56703.2    165.8    0.3%   56537.3     0     0.00
 302  167283.2   101802.7   65480.5    188.4    0.3%   65292.2     0     0.00
 303  131867.2   102368.5   29498.7     83.4    0.3%   29415.3     0     0.00
 304  120914.8   102207.1   18707.7     76.5    0.4%   18631.2     0     0.00
 305  240145.2   100191.7  139953.5    427.2    0.3%  139526.3     0     0.00
 306  138056.2   101047.6   37008.6    103.7    0.3%   36904.9     0     0.00
 307  162655.2   128866.8   33788.4    124.9    0.4%   33663.5     0     0.00
 308  137079.9   128387.5    8692.5     54.5    0.6%    8638.0     0     0.00
 309  267456.1   126974.3  140481.9    446.5    0.3%  140035.4     0     0.00
 310  173619.9   128612.4   45007.5    168.4    0.4%   44839.1     0     0.00
 311  193804.5   135339.3   58465.1    212.4    0.4%   58252.7     0     0.00
 312  189056.4   137794.8   51261.5    190.8    0.4%   51070.7     0     0.00
 313  164507.3   138380.1   26127.2    111.5    0.4%   26015.6     0     0.00
 314  141067.4   137442.5    3624.9     65.9    1.8%    3559.1     0     0.00
 315  139946.7   136321.8    3624.9     65.8    1.8%    3559.1     0     0.00
 316  139779.3   136140.3    3639.0     45.8    1.3%    3593.3     0     0.00
 317  159317.6   135974.8   23342.7    100.9    0.4%   23241.8     0     0.00
 318  140812.6   137159.5    3653.1     66.1    1.8%    3587.0     0     0.00
 319  198809.8   136726.4   62083.5    217.4    0.4%   61866.1     0     0.00
 320  160992.0   137682.7   23309.3    101.7    0.4%   23207.7     0     0.00
 321  142851.8   137542.2    5309.6     51.2    1.0%    5258.3     0     0.00
 322  141215.6   137565.0    3650.6     63.6    1.7%    3587.0     0     0.00
 323  141777.4   138077.4    3700.0     63.4    1.7%    3636.6     0     0.00
 324  141739.5   138074.5    3665.0     62.3    1.7%    3602.8     0     0.00
 325  151818.1   137807.2   14010.9     66.8    0.5%   13944.2     0     0.00
 326  162591.6   137771.5   24820.2    108.0    0.4%   24712.2     0     0.00
 327  161540.0   137787.2   23752.8     82.7    0.3%   23670.2     0     0.00
 328  159647.6   137282.8   22364.8     73.9    0.3%   22290.9     0     0.00
 329  159718.5   155226.7    4491.8     54.7    1.2%    4437.1     0     0.00
 330  158962.6   154472.3    4490.2     54.2    1.2%    4436.1     0     0.00
 331  165457.0   154168.6   11288.3     74.5    0.7%   11213.8     0     0.00
 332  206204.8   154198.7   52006.1    192.5    0.4%   51813.6     0     0.00
 333  197175.5   154113.9   43061.6    185.0    0.4%   42876.7     0     0.00
 334  157471.0   153804.1    3666.9     49.7    1.4%    3617.2     0     0.00
 335  160591.5   153283.3    7308.3     60.0    0.8%    7248.3     0     0.00
 336  156943.2   153281.3    3661.9     46.9    1.3%    3615.0     0     0.00
 337  159166.2   154708.7    4457.5     50.5    1.1%    4407.0     0     0.00
 338  159066.1   154608.7    4457.5     50.5    1.1%    4407.0     0     0.00
 339  173607.2   153898.8   19708.4     91.5    0.5%   19616.8     0     0.00
 340  173576.8   152006.8   21570.0     97.0    0.4%   21473.0     0     0.00
 341  159886.0   151177.9    8708.0     60.4    0.7%    8647.7     0     0.00
 342  161666.6   150984.3   10682.2     66.6    0.6%   10615.7     0     0.00
 343  160213.2   151499.6    8713.6     60.5    0.7%    8653.1     0     0.00
 344  157094.2   151647.3    5446.9     48.8    0.9%    5398.1     0     0.00
 345  154069.6   150424.0    3645.6     43.4    1.2%    3602.2     0     0.00
 346  216933.9   151259.2   65674.7    217.9    0.3%   65456.7     0     0.00
 347  159412.8   152299.5    7113.3     55.5    0.8%    7057.8     0     0.00
 348  158415.9   154737.5    3678.4     46.0    1.3%    3632.4     0     0.00
 349  203893.5   154792.7   49100.8    176.7    0.4%   48924.1     0     0.00
 350  164045.6   154812.5    9233.1     59.4    0.6%    9173.7     0     0.00
 351  171126.3   155335.8   15790.4     80.8    0.5%   15709.6     0     0.00
 352  158398.6   154713.4    3685.2     44.3    1.2%    3640.9     0     0.00
 353  189830.8   155294.4   34536.4    152.3    0.4%   34384.1     0     0.00
 354  164201.4   154855.7    9345.7     57.8    0.6%    9287.9     0     0.00
 355  206535.6   157435.3   49100.3    172.3    0.4%   48928.0     0     0.00
 356  264103.5   156748.7  107354.9    393.7    0.4%  106961.2     0     0.00
 357  199233.6   156165.2   43068.4    157.8    0.4%   42910.6     0     0.00
 358  192748.1   161022.2   31725.9    149.9    0.5%   31576.0     0     0.00
 359  164493.0   160741.8    3751.2     46.7    1.2%    3704.5     0     0.00
 360  164407.0   160655.8    3751.2     46.6    1.2%    3704.5     0     0.00
 361  208220.6   160061.2   48159.5    170.6    0.4%   47988.9     0     0.00
 362  225734.4   161125.2   64609.2    250.8    0.4%   64358.4     0     0.00
 363  172490.4   161015.3   11475.1     64.7    0.6%   11410.4     0     0.00
 364  177645.4   163217.7   14427.6     73.6    0.5%   14354.1     0     0.00
 365  171083.5   161603.3    9480.3     57.2    0.6%    9423.1     0     0.00
 366  169175.6   160778.1    8397.5     54.7    0.7%    8342.8     0     0.00
 367  209515.9   161168.3   48347.7    198.8    0.4%   48148.8     0     0.00
 368  204327.6   170096.3   34231.3    133.3    0.4%   34098.0     0     0.00
 369  172905.6   169142.9    3762.7     44.6    1.2%    3718.0     0     0.00
 370  183393.2   168876.7   14516.5     78.4    0.5%   14438.1     0     0.00
 371  172390.4   168629.5    3760.9     43.1    1.1%    3717.8     0     0.00
 372  172182.7   168421.9    3760.8     43.1    1.1%    3717.8     0     0.00
 373  172034.3   168273.5    3760.8     43.0    1.1%    3717.8     0     0.00
 374  175654.7   168257.5    7397.2     76.3    1.0%    7321.0     0     0.00
 375  196517.5   170809.5   25707.9    108.3    0.4%   25599.6     0     0.00
 376  175001.3   171335.9    3665.4     67.5    1.8%    3598.0     0     0.00
 377  174577.5   170912.1    3665.4     67.4    1.8%    3598.0     0     0.00
 378  174544.9   170879.6    3665.3     67.4    1.8%    3598.0     0     0.00
 379  179780.0   171076.2    8703.8     80.2    0.9%    8623.6     0     0.00
 380  174881.4   171244.0    3637.5     65.1    1.8%    3572.4     0     0.00
 381  181435.0   171175.9   10259.1     85.8    0.8%   10173.3     0     0.00
 382  237398.0   171096.6   66301.4    226.9    0.3%   66074.5     0     0.00
 383  179792.5   170211.5    9580.9     60.3    0.6%    9520.6     0     0.00
 384  178529.0   169958.7    8570.3     77.1    0.9%    8493.2     0     0.00
 385  203503.5   169700.7   33802.8    153.8    0.5%   33649.0     0     0.00
 386  188781.6   169226.7   19554.9     88.3    0.5%   19466.6     0     0.00
 387  197231.3   169096.3   28135.0    109.0    0.4%   28026.0     0     0.00
 388  228846.9   169089.9   59756.9    208.0    0.3%   59548.9     0     0.00
 389  222134.5   169657.0   52477.6    172.2    0.3%   52305.4     0     0.00
 390  176551.6   169346.6    7204.9     51.6    0.7%    7153.3     0     0.00
 391  178141.3   170886.3    7255.0     54.1    0.7%    7200.9     0     0.00
 392  182195.9   177445.5    4750.4     67.7    1.4%    4682.7     0     0.00
 393  192460.4   176903.2   15557.2     73.5    0.5%   15483.7     0     0.00
 394  202237.1   176278.6   25958.5    137.3    0.5%   25821.2     0     0.00
 395  196052.2   176144.4   19907.7    106.1    0.5%   19801.6     0     0.00
 396  202582.5   175859.0   26723.5    119.9    0.4%   26603.6     0     0.00
 397  198451.2   175811.3   22639.8     94.2    0.4%   22545.7     0     0.00
 398  199856.1   175790.9   24065.2    108.0    0.4%   23957.3     0     0.00
 399  233866.3   184780.3   49086.0    208.0    0.4%   48878.0     0     0.00
 400  237000.7   190297.2   46703.4    206.9    0.4%   46496.5     0     0.00
 401  196567.0   192742.5    3824.5     72.4    1.9%    3752.1     0     0.00
 402  196980.2   191529.6    5450.6     86.1    1.6%    5364.6     0     0.00
 403  239904.8   191368.6   48536.3    221.7    0.5%   48314.6     0     0.00
 404  194670.7   190848.9    3821.7     71.6    1.9%    3750.1     0     0.00
 405  240323.5   191138.2   49185.3    224.0    0.5%   48961.3     0     0.00
 406  194943.5   191139.7    3803.8     71.5    1.9%    3732.3     0     0.00
 407  195342.8   190779.1    4563.7     74.4    1.6%    4489.3     0     0.00
 408  216756.2   189764.2   26992.0    118.0    0.4%   26874.0     0     0.00
 409  194306.8   189714.0    4592.8     74.3    1.6%    4518.5     0     0.00
 410  212572.2   189041.1   23531.2    108.8    0.5%   23422.4     0     0.00
 411  235749.9   188215.6   47534.3    191.3    0.4%   47343.0     0     0.00
 412  203803.0   190989.5   12813.5     83.5    0.7%   12730.1     0     0.00
 413  221413.1   190436.9   30976.2    105.9    0.3%   30870.3     0     0.00
 414  236159.2   189491.8   46667.5    194.1    0.4%   46473.4     0     0.00
 415  192860.5   189258.8    3601.7     54.8    1.5%    3546.9     0     0.00
 416  203704.3   188689.8   15014.5     83.9    0.6%   14930.6     0     0.00
 417  234655.8   188057.7   46598.1    190.7    0.4%   46407.4     0     0.00
 418  225172.9   187606.2   37566.7    156.4    0.4%   37410.3     0     0.00
 419  190334.4   186737.4    3597.0     51.2    1.4%    3545.8     0     0.00
 420  194373.2   185634.7    8738.5     66.3    0.8%    8672.2     0     0.00
 421  302272.3   184355.7  117916.5    415.7    0.4%  117500.9     0     0.00
 422  237828.1   184295.4   53532.7    220.0    0.4%   53312.7     0     0.00
 423  227565.1   184231.7   43333.4    172.0    0.4%   43161.4     0     0.00
 424  189636.6   184452.5    5184.1     53.0    1.0%    5131.1     0     0.00
 425  220126.6   184427.3   35699.3    141.2    0.4%   35558.0     0     0.00
 426  187704.8   184108.7    3596.1     47.8    1.3%    3548.3     0     0.00
 427  237162.7   183432.2   53730.6    219.3    0.4%   53511.3     0     0.00
 428  187068.4   183441.5    3627.0     44.7    1.2%    3582.3     0     0.00
 429  218468.9   182869.9   35599.0    135.6    0.4%   35463.4     0     0.00
 430  217415.6   182238.1   35177.5    129.1    0.4%   35048.4     0     0.00
 431  185913.9   182290.5    3623.5     43.5    1.2%    3580.0     0     0.00
 432  188339.6   183931.6    4408.0     45.0    1.0%    4363.0     0     0.00
 433  202302.8   183875.3   18427.6     58.0    0.3%   18369.6     0     0.00
 434  199905.2   183220.2   16685.0     54.0    0.3%   16630.9     0     0.00
 435  186806.6   183199.4    3607.2     41.2    1.1%    3566.1     0     0.00
 436  211074.7   207370.4    3704.4     66.6    1.8%    3637.8     0     0.00
 437  231447.4   206545.3   24902.1    163.9    0.7%   24738.2     0     0.00
 438  241885.0   206087.2   35797.8    199.5    0.6%   35598.3     0     0.00
 439  209616.9   205931.1    3685.7     47.1    1.3%    3638.6     0     0.00
 440  214067.2   204711.5    9355.8     92.6    1.0%    9263.2     0     0.00
 441  206829.5   203144.9    3684.5     46.4    1.3%    3638.2     0     0.00
 442  210249.5   204050.1    6199.4     59.5    1.0%    6139.9     0     0.00
 443  209425.8   205621.3    3804.5     76.8    2.0%    3727.8     0     0.00
 444  208511.4   204732.8    3778.6     50.6    1.3%    3728.0     0     0.00
 445  211631.5   204578.0    7053.5     80.8    1.1%    6972.7     0     0.00
 446  207797.7   204013.2    3784.5     73.8    2.0%    3710.7     0     0.00
 447  244959.3   203754.3   41205.0    213.9    0.5%   40991.1     0     0.00
 448  236383.9   204426.8   31957.1    179.9    0.6%   31777.2     0     0.00
 449  207208.5   203627.8    3580.8     68.9    1.9%    3511.9     0     0.00
 450  206970.1   203389.4    3580.7     68.8    1.9%    3511.9     0     0.00
 451  261294.6   202910.4   58384.2    223.8    0.4%   58160.4     0     0.00
 452  213966.0   202744.7   11221.3    102.5    0.9%   11118.8     0     0.00
 453  206311.4   202722.1    3589.3     65.0    1.8%    3524.3     0     0.00
 454  212082.8   202524.9    9557.9     98.2    1.0%    9459.7     0     0.00
 455  210333.2   202458.6    7874.7     89.3    1.1%    7785.4     0     0.00
 456  204849.7   201260.6    3589.0     64.7    1.8%    3524.3     0     0.00
 457  203282.2   199719.5    3562.6     39.0    1.1%    3523.6     0     0.00
 458  215644.8   199653.4   15991.4     95.7    0.6%   15895.7     0     0.00
 459  205244.3   199494.6    5749.7     48.2    0.8%    5701.5     0     0.00
 460  252265.0   199265.1   52999.8    198.6    0.4%   52801.2     0     0.00
 461  238917.4   199200.0   39717.4    176.0    0.4%   39541.4     0     0.00
 462  263813.3   198993.6   64819.7    236.9    0.4%   64582.8     0     0.00
 463  204195.1   200628.8    3566.2     45.5    1.3%    3520.8     0     0.00
 464  232454.5   199936.3   32518.3    158.6    0.5%   32359.6     0     0.00
 465  265477.3   201423.2   64054.1    240.0    0.4%   63814.1     0     0.00
 466  205024.0   201388.3    3635.7     48.3    1.3%    3587.4     0     0.00
 467  204768.9   201134.9    3634.0     46.3    1.3%    3587.8     0     0.00
 468  204759.7   201125.8    3634.0     46.2    1.3%    3587.8     0     0.00
 469  207545.8   203888.5    3657.3     56.2    1.5%    3601.1     0     0.00
 470  221134.5   203730.6   17403.8    108.2    0.6%   17295.6     0     0.00
 471  218018.6   202827.1   15191.5    101.4    0.7%   15090.2     0     0.00
 472  207147.9   202712.8    4435.1     55.5    1.3%    4379.5     0     0.00
 473  209024.8   202683.7    6341.1     63.1    1.0%    6277.9     0     0.00
 474  206689.0   202330.4    4358.5     50.0    1.1%    4308.5     0     0.00
 475  207025.7   202171.4    4854.3     54.0    1.1%    4800.2     0     0.00
 476  227481.0   201797.9   25683.2    128.3    0.5%   25554.8     0     0.00
 477  212095.7   201720.7   10375.0     80.9    0.8%   10294.1     0     0.00
 478  225484.7   201144.0   24340.7    121.0    0.5%   24219.7     0     0.00
 479  224639.0   200362.8   24276.2    121.7    0.5%   24154.5     0     0.00
 480  234135.0   200427.0   33708.0    159.0    0.5%   33549.0     0     0.00
 481  204085.8   198643.0    5442.7     57.8    1.1%    5385.0     0     0.00
 482  244465.2   198250.2   46215.0    173.1    0.4%   46041.8     0     0.00
 483  337153.8   198772.6  138381.2    469.1    0.3%  137912.1     0     0.00
 484  201459.3   197832.9    3626.4     43.6    1.2%    3582.8     0     0.00
 485  205325.1   197101.8    8223.3     65.5    0.8%    8157.8     0     0.00
 486  217021.0   196679.0   20342.0    104.6    0.5%   20237.4     0     0.00
 487  200859.9   196439.1    4420.7     50.9    1.2%    4369.8     0     0.00
 488  200692.8   196272.1    4420.7     50.9    1.2%    4369.8     0     0.00
 489  228051.3   196450.1   31601.2    142.1    0.4%   31459.1     0     0.00
 490  281736.4   197898.4   83837.9    321.0    0.4%   83516.9     0     0.00
 491  235771.5   199353.5   36418.0    139.5    0.4%   36278.5     0     0.00
 492  202229.7   198664.8    3564.9     45.3    1.3%    3519.6     0     0.00
 493  201872.5   198305.1    3567.4     46.2    1.3%    3521.2     0     0.00
 494  200196.0   196628.7    3567.4     46.2    1.3%    3521.2     0     0.00
 495  214346.5   195911.8   18434.7     97.0    0.5%   18337.7     0     0.00
 496  211738.8   194096.2   17642.6     94.1    0.5%   17548.6     0     0.00
 497  201247.7   194058.9    7188.8     61.2    0.9%    7127.6     0     0.00
 498  199005.8   194104.1    4901.7     57.6    1.2%    4844.0     0     0.00
 499  202291.0   193713.1    8577.9     66.5    0.8%    8511.5     0     0.00
 500  202104.4   193526.5    8577.9     66.4    0.8%    8511.5     0     0.00
 501  196878.7   193306.4    3572.3     45.7    1.3%    3526.6     0     0.00
 502  232064.3   196159.5   35904.8    131.6    0.4%   35773.3     0     0.00
 503  228044.4   195783.5   32260.8    141.9    0.4%   32119.0     0     0.00
 504  239488.9   195819.6   43669.2    171.2    0.4%   43498.0     0     0.00
 505  203800.0   196057.9    7742.1     60.5    0.8%    7681.6     0     0.00
 506  249043.5   195793.5   53250.0    205.3    0.4%   53044.7     0     0.00
 507  199207.3   195609.9    3597.4     45.5    1.3%    3551.9     0     0.00
 508  207206.0   195594.2   11611.8     64.2    0.6%   11547.6     0     0.00
 509  198458.9   194863.7    3595.2     41.2    1.1%    3554.0     0     0.00
 510  245553.8   194288.9   51264.9    193.3    0.4%   51071.6     0     0.00
 511  197544.6   193949.5    3595.1     41.1    1.1%    3554.0     0     0.00
 512  203524.7   193492.3   10032.4     62.0    0.6%    9970.4     0     0.00
 513  201312.0   197790.1    3521.9     41.6    1.2%    3480.3     0     0.00
 514  203634.5   197676.3    5958.3     47.7    0.8%    5910.5     0     0.00
 515  257155.1   204890.3   52264.8    207.3    0.4%   52057.5     0     0.00
 516  208279.7   204727.5    3552.2     48.7    1.4%    3503.4     0     0.00
 517  216574.9   204969.6   11605.3     76.5    0.7%   11528.8     0     0.00
 518  207410.2   203902.9    3507.2     49.0    1.4%    3458.3     0     0.00
 519  213925.7   203712.5   10213.2     66.1    0.6%   10147.1     0     0.00
 520  236219.1   204112.8   32106.2    116.9    0.4%   31989.3     0     0.00
 521  237584.8   201974.7   35610.1    145.5    0.4%   35464.5     0     0.00
 522  211573.7   201701.9    9871.7     63.5    0.6%    9808.2     0     0.00
 523  204355.2   200803.6    3551.6     46.7    1.3%    3504.9     0     0.00
 524  226620.3   200540.1   26080.1     94.4    0.4%   25985.8     0     0.00
 525  235603.1   201286.8   34316.3    141.8    0.4%   34174.5     0     0.00
 526  204182.6   200330.7    3851.8     44.2    1.1%    3807.6     0     0.00
 527  220986.7   200183.2   20803.6     77.0    0.4%   20726.6     0     0.00
 528  209201.8   205513.8    3688.0     54.4    1.5%    3633.5     0     0.00
 529  209847.7   206218.2    3629.5     52.6    1.4%    3576.9     0     0.00
 530  209604.4   205983.3    3621.1     49.4    1.4%    3571.7     0     0.00
 531  242317.5   206276.2   36041.3    150.1    0.4%   35891.2     0     0.00
 532  305914.6   206418.9   99495.7    336.1    0.3%   99159.6     0     0.00
 533  266991.5   206207.9   60783.7    233.3    0.4%   60550.3     0     0.00
 534  218536.3   205966.9   12569.4     45.7    0.4%   12523.6     0     0.00
 535  211599.1   205708.5    5890.5     46.9    0.8%    5843.6     0     0.00
 536  262005.7   204753.7   57252.0    215.3    0.4%   57036.7     0     0.00
 537  248978.3   215495.5   33482.8    171.6    0.5%   33311.2     0     0.00
 538  223662.5   214868.3    8794.1     62.0    0.7%    8732.1     0     0.00
 539  218726.2   215048.8    3677.4     63.4    1.7%    3614.0     0     0.00
 540  246311.9   214425.5   31886.5    162.3    0.5%   31724.2     0     0.00
 541  217782.6   214123.8    3658.8     45.0    1.2%    3613.8     0     0.00
 542  258954.5   214178.9   44775.6    202.7    0.5%   44572.9     0     0.00
 543  260626.6   216274.2   44352.4    203.5    0.5%   44148.9     0     0.00
 544  237217.5   215754.9   21462.6    106.4    0.5%   21356.2     0     0.00
 545  219055.8   215292.4    3763.4     63.1    1.7%    3700.3     0     0.00
 546  226567.5   215305.5   11261.9     87.8    0.8%   11174.1     0     0.00
 547  238979.8   214910.3   24069.6    131.7    0.5%   23937.8     0     0.00
 548  220361.9   216665.6    3696.4     43.5    1.2%    3652.9     0     0.00
 549  258353.2   218535.2   39818.0    191.8    0.5%   39626.2     0     0.00
 550  240054.0   218829.5   21224.4    127.9    0.6%   21096.5     0     0.00
 551  221631.3   217891.2    3740.0     65.6    1.8%    3674.4     0     0.00
 552  263679.1   217196.4   46482.7    215.6    0.5%   46267.1     0     0.00
 553  224983.1   216352.7    8630.4     85.0    1.0%    8545.4     0     0.00
 554  243518.9   218353.7   25165.2    143.9    0.6%   25021.3     0     0.00
 555  225103.4   218138.2    6965.2     80.1    1.1%    6885.1     0     0.00
 556  268976.0   217985.2   50990.7    231.7    0.5%   50759.0     0     0.00
 557  220915.5   217368.5    3547.1     67.5    1.9%    3479.6     0     0.00
 558  219946.2   216386.9    3559.3     47.4    1.3%    3511.9     0     0.00
 559  250849.6   216029.7   34819.9    151.1    0.4%   34668.8     0     0.00
 560  219538.2   215980.5    3557.7     46.4    1.3%    3511.4     0     0.00
 561  220130.3   216563.7    3566.6     48.2    1.4%    3518.4     0     0.00
 562  219833.9   216268.2    3565.7     47.3    1.3%    3518.4     0     0.00
 563  219519.9   215954.2    3565.6     47.2    1.3%    3518.4     0     0.00
 564  220060.6   216489.3    3571.3     47.2    1.3%    3524.1     0     0.00
 565  233624.4   217251.3   16373.2     95.6    0.6%   16277.5     0     0.00
 566  223902.7   216603.0    7299.7     36.6    0.5%    7263.1     0     0.00
 567  232006.1   216661.7   15344.5     85.3    0.6%   15259.2     0     0.00
 568  223787.1   216475.0    7312.1     34.8    0.5%    7277.3     0     0.00
 569  219572.3   215974.2    3598.1     42.2    1.2%    3555.9     0     0.00
 570  221242.7   217518.9    3723.8     42.1    1.1%    3681.8     0     0.00
 571  228488.8   219418.8    9069.9     62.6    0.7%    9007.4     0     0.00
 572  256486.4   221153.5   35332.8    179.4    0.5%   35153.4     0     0.00
 573  224591.9   220944.3    3647.7     65.9    1.8%    3581.8     0     0.00
 574  225245.2   221647.4    3597.8     66.2    1.8%    3531.6     0     0.00
 575  225893.3   222396.2    3497.1     65.1    1.9%    3432.0     0     0.00
 576  248856.4   221932.8   26923.6    150.2    0.6%   26773.4     0     0.00
 577  240838.3   221864.1   18974.2     99.0    0.5%   18875.2     0     0.00
 578  253662.8   221752.5   31910.3    149.1    0.5%   31761.2     0     0.00
 579  243685.2   220665.3   23020.0    116.7    0.5%   22903.3     0     0.00
 580  231205.5   221452.2    9753.3     70.4    0.7%    9682.9     0     0.00
 581  234979.4   221412.2   13567.3     81.0    0.6%   13486.3     0     0.00
 582  224072.0   220559.8    3512.2     45.7    1.3%    3466.5     0     0.00
 583  224296.8   220777.8    3519.0     43.5    1.2%    3475.5     0     0.00
 584  227678.5   220609.4    7069.1     62.2    0.9%    7007.0     0     0.00
 585  230621.8   221873.9    8747.9     65.3    0.7%    8682.6     0     0.00
 586  225443.9   221497.2    3946.7     51.2    1.3%    3895.5     0     0.00
 587  226754.9   223179.9    3575.0     50.3    1.4%    3524.7     0     0.00
 588  344168.1   222953.7  121214.4    404.5    0.3%  120809.8     0     0.00
 589  226618.9   222326.8    4292.1     51.8    1.2%    4240.3     0     0.00
 590  242208.8   221520.6   20688.1    101.2    0.5%   20586.9     0     0.00
 591  224894.2   221364.0    3530.2     44.4    1.3%    3485.8     0     0.00
 592  360232.8   221025.4  139207.4    470.9    0.3%  138736.5     0     0.00
 593  250355.1   220894.2   29460.9    131.4    0.4%   29329.5     0     0.00
 594  293887.1   220516.0   73371.1    268.6    0.4%   73102.5     0     0.00
 595  224405.7   220880.8    3524.9     40.7    1.2%    3484.2     0     0.00
 596  255441.5   223831.3   31610.2    137.4    0.4%   31472.8     0     0.00
 597  286616.7   224553.3   62063.4    246.4    0.4%   61817.0     0     0.00
 598  257979.5   224692.1   33287.4    139.7    0.4%   33147.7     0     0.00
 599  254538.5   224568.6   29969.9    130.8    0.4%   29839.0     0     0.00
 600  234047.5   225458.3    8589.2     82.6    1.0%    8506.5     0     0.00
 601  280499.5   224898.0   55601.6    206.5    0.4%   55395.1     0     0.00
 602  257965.2   223970.0   33995.2    126.8    0.4%   33868.4     0     0.00
 603  256330.4   223954.1   32376.3    119.9    0.4%   32256.4     0     0.00
 604  230912.2   227375.8    3536.4     47.0    1.3%    3489.3     0     0.00
 605  230490.0   226921.7    3568.3     48.3    1.4%    3520.1     0     0.00
 606  243284.0   228947.8   14336.2     86.9    0.6%   14249.3     0     0.00
 607  282126.3   228698.5   53427.9    204.6    0.4%   53223.3     0     0.00
 608  254505.3   227984.1   26521.2    105.1    0.4%   26416.1     0     0.00
 609  231063.0   227511.5    3551.6     48.0    1.4%    3503.5     0     0.00
 610  230957.8   227406.3    3551.5     48.0    1.4%    3503.5     0     0.00
 611  230499.1   226948.1    3551.0     47.3    1.3%    3503.7     0     0.00
 612  233971.1   226857.4    7113.7     60.2    0.8%    7053.5     0     0.00
 613  229558.5   226004.6    3553.8     45.5    1.3%    3508.3     0     0.00
 614  290297.7   225776.7   64521.0    251.0    0.4%   64269.9     0     0.00
 615  228108.0   224555.2    3552.8     44.1    1.2%    3508.6     0     0.00
 616  249886.9   223971.7   25915.2    117.0    0.5%   25798.2     0     0.00
 617  275645.0   223637.7   52007.4    194.4    0.4%   51813.0     0     0.00
 618  227070.0   223517.1    3552.9     44.8    1.3%    3508.1     0     0.00
 619  257830.1   223342.1   34487.9    117.8    0.3%   34370.1     0     0.00
 620  229991.3   226424.7    3566.6     44.3    1.2%    3522.3     0     0.00
 621  229951.7   226385.2    3566.5     44.1    1.2%    3522.4     0     0.00
 622  243771.5   226020.4   17751.1     85.7    0.5%   17665.4     0     0.00
 623  230832.9   225930.1    4902.7     45.6    0.9%    4857.2     0     0.00
 624  228868.4   225298.4    3570.0     41.5    1.2%    3528.6     0     0.00
 625  267209.1   228797.4   38411.7    127.0    0.3%   38284.7     0     0.00
 626  238687.8   228204.2   10483.5     66.4    0.6%   10417.1     0     0.00
 627  231456.7   227567.5    3889.2     46.8    1.2%    3842.4     0     0.00
 628  277628.1   228718.6   48909.6    194.7    0.4%   48714.8     0     0.00
 629  256677.7   228704.1   27973.6     93.2    0.3%   27880.5     0     0.00
 630  232721.9   229074.5    3647.3     42.4    1.2%    3604.9     0     0.00
 631  241356.2   231999.3    9357.0     42.8    0.5%    9314.2     0     0.00
 632  243373.2   232400.1   10973.1     47.8    0.4%   10925.3     0     0.00
 633  237168.8   233486.3    3682.5     43.9    1.2%    3638.6     0     0.00
 634  265359.7   233527.0   31832.7    106.1    0.3%   31726.6     0     0.00
 635  241339.4   237573.2    3766.2     44.9    1.2%    3721.3     0     0.00
 636  277626.9   236510.3   41116.7    193.1    0.5%   40923.6     0     0.00
 637  267089.2   239669.2   27420.0    133.2    0.5%   27286.8     0     0.00
 638  262867.6   239686.7   23180.9     97.5    0.4%   23083.4     0     0.00
 639  244465.9   240767.4    3698.5     67.5    1.8%    3631.0     0     0.00
 640  264206.0   240167.9   24038.2    121.7    0.5%   23916.5     0     0.00
 641  247357.6   238469.5    8888.1     59.0    0.7%    8829.1     0     0.00
 642  260011.0   238785.3   21225.7     92.5    0.4%   21133.2     0     0.00
 643  270481.0   239126.4   31354.6    153.4    0.5%   31201.2     0     0.00
 644  264854.3   238286.4   26568.0    132.5    0.5%   26435.4     0     0.00
 645  250550.4   238399.2   12151.2     62.2    0.5%   12089.0     0     0.00
 646  241547.9   237808.7    3739.2     61.0    1.6%    3678.2     0     0.00
 647  242773.5   237758.3    5015.2     64.0    1.3%    4951.2     0     0.00
 648  256933.7   249096.1    7837.6     56.4    0.7%    7781.2     0     0.00
 649  258285.4   249417.1    8868.3     80.6    0.9%    8787.7     0     0.00
 650  302992.1   254585.1   48407.0    203.4    0.4%   48203.6     0     0.00
 651  258158.9   254493.5    3665.4     66.1    1.8%    3599.3     0     0.00
 652  269414.8   254395.2   15019.6    118.6    0.8%   14901.0     0     0.00
 653  308845.2   255642.5   53202.7    214.0    0.4%   52988.8     0     0.00
 654  259986.9   255663.8    4323.2     68.0    1.6%    4255.1     0     0.00
 655  259550.1   255227.0    4323.1     68.0    1.6%    4255.1     0     0.00
 656  274019.1   255143.7   18875.4    132.9    0.7%   18742.6     0     0.00
 657  291368.7   254878.9   36489.7    164.8    0.5%   36324.9     0     0.00
 658  295939.0   254719.0   41220.0    178.5    0.4%   41041.5     0     0.00
 659  257793.8   254264.4    3529.4     61.7    1.7%    3467.7     0     0.00
 660  260802.9   253117.0    7686.0     63.8    0.8%    7622.2     0     0.00
 661  270198.2   251132.8   19065.4    116.7    0.6%   18948.7     0     0.00
 662  254796.4   251293.0    3503.4     61.5    1.8%    3441.9     0     0.00
 663  284281.4   250495.2   33786.2    153.8    0.5%   33632.4     0     0.00
 664  285026.0   249518.6   35507.4    157.6    0.4%   35349.8     0     0.00
 665  275214.4   249327.9   25886.5    150.9    0.6%   25735.6     0     0.00
 666  271927.5   249085.0   22842.5    143.6    0.6%   22698.9     0     0.00
 667  279123.2   251435.2   27688.0    139.7    0.5%   27548.3     0     0.00
 668  258247.9   250543.2    7704.7     74.4    1.0%    7630.3     0     0.00
 669  253811.0   250286.0    3525.0     51.1    1.4%    3473.9     0     0.00
 670  253102.6   249582.9    3519.7     49.4    1.4%    3470.3     0     0.00
 671  252426.3   248909.0    3517.2     48.6    1.4%    3468.7     0     0.00
 672  272901.5   248825.6   24075.9    126.8    0.5%   23949.1     0     0.00
 673  251087.4   247602.2    3485.1     48.5    1.4%    3436.7     0     0.00
 674  251175.2   247628.7    3546.6     46.4    1.3%    3500.2     0     0.00
 675  252125.2   248641.3    3483.9     47.4    1.4%    3436.5     0     0.00
 676  262145.6   248125.9   14019.7     94.8    0.7%   13924.8     0     0.00
 677  298892.0   248194.5   50697.5    174.4    0.3%   50523.1     0     0.00
 678  312715.9   247988.3   64727.6    233.7    0.4%   64493.9     0     0.00
 679  254923.6   247920.0    7003.6     67.4    1.0%    6936.2     0     0.00
 680  251154.6   247607.7    3546.9     44.9    1.3%    3501.9     0     0.00
 681  251209.7   246915.4    4294.3     49.6    1.2%    4244.7     0     0.00
 682  249251.0   245765.5    3485.5     44.1    1.3%    3441.4     0     0.00
 683  265685.3   247785.0   17900.3    101.2    0.6%   17799.1     0     0.00
 684  276486.6   247881.8   28604.8    113.1    0.4%   28491.7     0     0.00
 685  255246.5   248182.0    7064.5     66.4    0.9%    6998.0     0     0.00
 686  262236.6   248585.6   13651.0     86.0    0.6%   13565.0     0     0.00
 687  277430.2   248427.3   29002.9    130.2    0.4%   28872.7     0     0.00
 688  272844.6   248395.5   24449.1     97.3    0.4%   24351.8     0     0.00
 689  253120.6   248349.1    4771.5     58.0    1.2%    4713.5     0     0.00
 690  280505.6   248332.9   32172.6    120.8    0.4%   32051.8     0     0.00
 691  252172.2   248639.6    3532.6     51.8    1.5%    3480.8     0     0.00
 692  329033.8   248057.0   80976.8    254.8    0.3%   80722.0     0     0.00
 693  255305.1   248228.1    7077.0     59.7    0.8%    7017.2     0     0.00
 694  250860.1   247326.9    3533.2     49.1    1.4%    3484.1     0     0.00
 695  254187.6   247111.1    7076.6     57.8    0.8%    7018.7     0     0.00
 696  307549.6   247319.8   60229.8    185.4    0.3%   60044.4     0     0.00
 697  261781.7   248388.8   13392.9     74.9    0.6%   13318.0     0     0.00
 698  282526.1   246678.7   35847.4    118.1    0.3%   35729.3     0     0.00
 699  250461.4   246918.3    3543.0     41.0    1.2%    3502.0     0     0.00
 700  294512.1   250159.1   44353.0    138.0    0.3%   44215.0     0     0.00
 701  254238.8   250685.0    3553.8     45.6    1.3%    3508.2     0     0.00
 702  252870.1   249316.3    3553.8     45.6    1.3%    3508.2     0     0.00
 703  252458.9   248904.4    3554.5     46.0    1.3%    3508.5     0     0.00
 704  293144.9   249082.3   44062.7    155.0    0.4%   43907.7     0     0.00
 705  252835.0   249272.7    3562.3     43.1    1.2%    3519.2     0     0.00
 706  288209.1   249030.0   39179.1    136.1    0.3%   39043.0     0     0.00
 707  291206.3   248661.2   42545.1    127.2    0.3%   42417.9     0     0.00
 708  273034.7   255784.0   17250.7     81.8    0.5%   17168.9     0     0.00
 709  264796.3   255914.1    8882.2     54.4    0.6%    8827.8     0     0.00
 710  396462.1   256897.6  139564.5    491.9    0.4%  139072.6     0     0.00
 711  291576.3   264659.4   26916.9    129.8    0.5%   26787.1     0     0.00
 712  268229.8   263638.5    4591.3     47.7    1.0%    4543.6     0     0.00
 713  308155.3   263429.5   44725.8    181.8    0.4%   44544.0     0     0.00
 714  321381.1   262888.1   58492.9    223.3    0.4%   58269.7     0     0.00
 715  306885.2   262468.2   44417.0    178.0    0.4%   44239.0     0     0.00
 716  279924.0   261823.4   18100.6     79.4    0.4%   18021.2     0     0.00
 717  324818.6   261220.5   63598.1    237.0    0.4%   63361.0     0     0.00
 718  316513.6   265043.5   51470.1    198.5    0.4%   51271.6     0     0.00
 719  269252.1   265551.6    3700.5     44.3    1.2%    3656.2     0     0.00
 720  267412.7   263713.1    3699.6     43.7    1.2%    3655.9     0     0.00
 721  323648.8   267190.7   56458.1    221.4    0.4%   56236.7     0     0.00
 722  282083.1   265972.4   16110.8     73.2    0.5%   16037.6     0     0.00
 723  278480.0   265181.7   13298.3     83.0    0.6%   13215.3     0     0.00
 724  403871.8   264225.3  139646.6    477.7    0.3%  139168.9     0     0.00
 725  279637.1   275831.5    3805.5     62.2    1.6%    3743.4     0     0.00
 726  291045.5   275781.6   15263.9     98.2    0.6%   15165.7     0     0.00
 727  296384.9   274941.0   21443.9    117.6    0.5%   21326.3     0     0.00
 728  282360.0   274628.7    7731.3     79.9    1.0%    7651.4     0     0.00
 729  293595.3   274397.5   19197.7    111.0    0.6%   19086.8     0     0.00
 730  276149.6   272344.5    3805.1     61.0    1.6%    3744.1     0     0.00
 731  308273.9   272321.3   35952.6    159.8    0.4%   35792.8     0     0.00
 732  286663.4   273658.5   13004.9     71.6    0.6%   12933.2     0     0.00
 733  277133.4   273365.7    3767.7     64.0    1.7%    3703.7     0     0.00
 734  322355.6   275954.7   46400.9    201.6    0.4%   46199.3     0     0.00
 735  416711.1   276291.8  140419.3    475.7    0.3%  139943.6     0     0.00
 736  307901.8   275677.2   32224.6    152.5    0.5%   32072.1     0     0.00
 737  325631.7   274641.8   50989.8    191.2    0.4%   50798.7     0     0.00
 738  325924.7   274630.2   51294.5    193.2    0.4%   51101.4     0     0.00
 739  278705.2   274257.2    4448.0     67.6    1.5%    4380.4     0     0.00
 740  314188.8   274265.1   39923.7    159.4    0.4%   39764.3     0     0.00
 741  277684.2   274064.0    3620.2     45.8    1.3%    3574.4     0     0.00
 742  277673.2   274055.1    3618.1     43.6    1.2%    3574.5     0     0.00
 743  343988.8   274036.4   69952.4    256.4    0.4%   69695.9     0     0.00
 744  281796.2   274027.5    7768.8     51.2    0.7%    7717.6     0     0.00
 745  295113.9   273434.1   21679.8     95.8    0.4%   21584.0     0     0.00
 746  300934.3   282357.3   18577.0    108.1    0.6%   18468.9     0     0.00
 747  286089.5   282326.5    3763.1     64.1    1.7%    3699.0     0     0.00
 748  297079.6   281535.5   15544.2    100.6    0.6%   15443.6     0     0.00
 749  284476.4   280713.4    3763.0     64.0    1.7%    3699.0     0     0.00
 750  287119.2   279870.0    7249.2     55.6    0.8%    7193.7     0     0.00
 751  286028.2   282517.6    3510.5     45.4    1.3%    3465.2     0     0.00
 752  326264.7   282239.6   44025.1    186.5    0.4%   43838.6     0     0.00
 753  320397.5   282098.1   38299.4    139.0    0.4%   38160.4     0     0.00
 754  288768.7   281728.4    7040.3     56.1    0.8%    6984.2     0     0.00
 755  285035.9   281528.2    3507.7     42.2    1.2%    3465.5     0     0.00
 756  285705.9   282192.3    3513.6     41.6    1.2%    3472.0     0     0.00
 757  285175.4   281654.7    3520.8     41.9    1.2%    3478.8     0     0.00
 758  283609.5   280088.8    3520.7     41.9    1.2%    3478.8     0     0.00
 759  317994.1   283037.9   34956.2    154.6    0.4%   34801.6     0     0.00
 760  286514.2   282983.3    3530.9     47.2    1.3%    3483.7     0     0.00
 761  286182.5   282690.4    3492.1     45.6    1.3%    3446.4     0     0.00
 762  285883.5   282391.5    3492.0     45.6    1.3%    3446.4     0     0.00
 763  291437.4   281098.3   10339.1     43.6    0.4%   10295.5     0     0.00
 764  283990.4   280462.6    3527.8     45.8    1.3%    3482.0     0     0.00
 765  296813.8   279660.2   17153.7     85.6    0.5%   17068.1     0     0.00
 766  289160.6   279058.5   10102.1     39.8    0.4%   10062.2     0     0.00
 767  293923.7   278707.8   15215.9     79.6    0.5%   15136.3     0     0.00
 768  289284.0   280079.7    9204.3     58.3    0.6%    9146.0     0     0.00
 769  309568.2   280555.0   29013.1    133.1    0.5%   28880.0     0     0.00
 770  313164.6   286884.4   26280.2    146.8    0.6%   26133.4     0     0.00
 771  295655.6   286833.9    8821.7     63.2    0.7%    8758.5     0     0.00
 772  349822.4   286603.2   63219.2    239.4    0.4%   62979.8     0     0.00
 773  289815.9   286233.4    3582.5     66.4    1.9%    3516.1     0     0.00
 774  290827.3   287298.9    3528.4     66.2    1.9%    3462.2     0     0.00
 775  318242.3   287087.2   31155.0    166.2    0.5%   30988.9     0     0.00
 776  293978.4   286914.1    7064.3     57.0    0.8%    7007.3     0     0.00
 777  336335.1   287200.9   49134.2    176.9    0.4%   48957.2     0     0.00
 778  289869.8   286386.2    3483.5     48.1    1.4%    3435.5     0     0.00
 779  325808.9   285895.2   39913.6    147.9    0.4%   39765.7     0     0.00
 780  314857.2   286933.1   27924.1    133.5    0.5%   27790.6     0     0.00
 781  290591.7   287107.9    3483.8     43.4    1.2%    3440.4     0     0.00
 782  295235.2   286892.5    8342.6     63.4    0.8%    8279.2     0     0.00
 783  338742.4   286729.3   52013.1    183.4    0.4%   51829.7     0     0.00
 784  293441.2   286360.3    7080.9     57.0    0.8%    7023.9     0     0.00
 785  291596.7   287235.9    4360.8     45.9    1.1%    4314.9     0     0.00
 786  355646.6   290783.6   64863.0    245.9    0.4%   64617.1     0     0.00
 787  304119.6   290702.3   13417.3     99.1    0.7%   13318.2     0     0.00
 788  298006.0   289471.6    8534.4     78.7    0.9%    8455.8     0     0.00
 789  334590.8   289277.2   45313.6    180.6    0.4%   45133.0     0     0.00
 790  292698.4   289194.2    3504.1     47.3    1.3%    3456.9     0     0.00
 791  293083.9   289580.6    3503.3     45.5    1.3%    3457.8     0     0.00
 792  304896.3   288611.5   16284.9     93.0    0.6%   16191.9     0     0.00
 793  309221.9   288319.9   20902.0    107.2    0.5%   20794.8     0     0.00
 794  290962.2   287459.1    3503.1     42.5    1.2%    3460.6     0     0.00
 795  294926.4   286145.6    8780.9     37.8    0.4%    8743.0     0     0.00
 796  287933.3   284430.6    3502.7     42.0    1.2%    3460.7     0     0.00
 797  290867.8   283682.0    7185.9     50.1    0.7%    7135.7     0     0.00
 798  332928.3   288094.6   44833.7    158.6    0.4%   44675.0     0     0.00
 799  299141.0   292024.7    7116.3     92.5    1.3%    7023.8     0     0.00
 800  295819.8   291486.4    4333.4     73.4    1.7%    4260.0     0     0.00
 801  319449.7   291416.0   28033.6    121.1    0.4%   27912.5     0     0.00
 802  295444.9   291079.9    4365.0     72.0    1.7%    4293.0     0     0.00
 803  317820.1   290719.1   27101.1    115.7    0.4%   26985.3     0     0.00
 804  291867.9   288270.2    3597.7     67.3    1.9%    3530.4     0     0.00
 805  308177.3   287560.5   20616.9     81.5    0.4%   20535.4     0     0.00
 806  294163.8   287056.2    7107.5     66.6    0.9%    7040.9     0     0.00
 807  314595.2   286406.3   28188.9     98.8    0.4%   28090.1     0     0.00
 808  289917.1   286381.1    3536.0     43.8    1.2%    3492.2     0     0.00
 809  288524.3   284988.6    3535.6     43.2    1.2%    3492.5     0     0.00
 810  288817.3   285221.8    3595.5     48.9    1.4%    3546.6     0     0.00
 811  288559.0   284997.4    3561.6     47.7    1.3%    3513.9     0     0.00
 812  295620.5   287638.7    7981.9     66.4    0.8%    7915.5     0     0.00
 813  342925.9   285824.5   57101.4    224.8    0.4%   56876.6     0     0.00
 814  291201.8   285552.1    5649.7     53.8    1.0%    5595.9     0     0.00
 815  306393.3   285561.8   20831.6     67.6    0.3%   20764.0     0     0.00
 816  346805.9   285548.9   61257.0    232.8    0.4%   61024.2     0     0.00
 817  327643.3   285263.8   42379.5    142.6    0.3%   42236.9     0     0.00
 818  302740.8   284849.6   17891.2     64.2    0.4%   17827.0     0     0.00
 819  324287.2   284516.7   39770.5    129.2    0.3%   39641.3     0     0.00
 820  288017.9   284450.4    3567.5     42.7    1.2%    3524.8     0     0.00
 821  328316.1   287615.0   40701.1    139.1    0.3%   40562.0     0     0.00
 822  290556.4   286969.0    3587.3     50.4    1.4%    3537.0     0     0.00
 823  316825.5   287176.3   29649.2     98.4    0.3%   29550.7     0     0.00
 824  310472.4   287887.8   22584.5     79.0    0.3%   22505.5     0     0.00
 825  291152.3   287529.1    3623.2     43.5    1.2%    3579.7     0     0.00
 826  299465.5   287376.3   12089.3     44.5    0.4%   12044.7     0     0.00
 827  320455.4   305092.9   15362.5     86.6    0.6%   15275.9     0     0.00
 828  325633.7   304979.9   20653.7    103.4    0.5%   20550.3     0     0.00
 829  308562.4   304857.0    3705.5     47.3    1.3%    3658.1     0     0.00
 830  308223.1   304519.5    3703.7     46.1    1.2%    3657.5     0     0.00
 831  328542.4   304757.8   23784.6    134.4    0.6%   23650.2     0     0.00
 832  328078.0   304755.6   23322.4    131.1    0.6%   23191.3     0     0.00
 833  312633.4   303804.2    8829.2     58.5    0.7%    8770.7     0     0.00
 834  315352.2   306750.0    8602.2     59.8    0.7%    8542.4     0     0.00
 835  310341.2   306654.3    3686.9     46.1    1.2%    3640.9     0     0.00
 836  309968.6   306281.5    3687.1     45.3    1.2%    3641.8     0     0.00
 837  375987.0   306304.3   69682.7    284.2    0.4%   69398.5     0     0.00
 838  327877.1   306487.3   21389.8    133.5    0.6%   21256.3     0     0.00
 839  309232.1   305544.9    3687.2     43.1    1.2%    3644.1     0     0.00
 840  364057.9   304958.4   59099.5    212.0    0.4%   58887.5     0     0.00
 841  319475.2   310650.4    8824.8     66.0    0.7%    8758.8     0     0.00
 842  314205.5   309682.8    4522.6     47.8    1.1%    4474.8     0     0.00
 843  319214.8   309224.2    9990.6     69.6    0.7%    9921.0     0     0.00
 844  314223.3   308257.4    5965.9     50.0    0.8%    5915.9     0     0.00
 845  313454.8   308924.4    4530.3     47.9    1.1%    4482.4     0     0.00
 846  313177.3   308647.1    4530.3     47.9    1.1%    4482.4     0     0.00
 847  311819.6   308120.5    3699.1     42.2    1.1%    3656.9     0     0.00
 848  360789.4   307726.0   53063.4    217.2    0.4%   52846.3     0     0.00
 849  320528.7   310668.5    9860.3    103.6    1.1%    9756.7     0     0.00
 850  364577.4   309866.8   54710.6    234.6    0.4%   54476.0     0     0.00
 851  354342.5   309256.3   45086.2    169.1    0.4%   44917.1     0     0.00
 852  358664.0   308591.2   50072.8    208.2    0.4%   49864.5     0     0.00
 853  320782.5   305441.0   15341.5    114.6    0.7%   15226.9     0     0.00
 854  445930.1   306836.1  139093.9    474.2    0.3%  138619.7     0     0.00
 855  386641.6   306762.6   79879.0    328.6    0.4%   79550.4     0     0.00
 856  351208.3   307479.2   43729.1    163.9    0.4%   43565.2     0     0.00
 857  310536.1   306782.6    3753.5     68.8    1.8%    3684.6     0     0.00
 858  327648.9   307617.2   20031.8    124.4    0.6%   19907.4     0     0.00
 859  322440.2   307286.5   15153.7    112.9    0.7%   15040.8     0     0.00
 860  379651.9   307061.0   72590.9    300.3    0.4%   72290.7     0     0.00
 861  353577.2   307562.1   46015.1    179.6    0.4%   45835.5     0     0.00
 862  364892.2   306767.5   58124.6    256.2    0.4%   57868.4     0     0.00
 863  310923.5   306386.1    4537.4     61.3    1.4%    4476.1     0     0.00
 864  310501.3   306830.3    3671.0     57.0    1.6%    3614.0     0     0.00
 865  358215.7   306301.8   51913.8    205.2    0.4%   51708.6     0     0.00
 866  314845.7   306036.3    8809.4     65.1    0.7%    8744.2     0     0.00
 867  352662.3   305998.4   46663.9    176.6    0.4%   46487.3     0     0.00
 868  340693.2   307431.3   33261.9    103.2    0.3%   33158.7     0     0.00
 869  353714.8   306842.4   46872.5    178.2    0.4%   46694.3     0     0.00
 870  311332.6   306880.0    4452.6     48.1    1.1%    4404.5     0     0.00
 871  310760.7   306817.2    3943.5     49.1    1.2%    3894.5     0     0.00
 872  343583.1   306635.0   36948.1    108.1    0.3%   36840.0     0     0.00
 873  340803.2   305577.9   35225.3    104.0    0.3%   35121.3     0     0.00
 874  308904.4   305263.2    3641.2     47.7    1.3%    3593.4     0     0.00
 875  307172.1   303539.4    3632.7     39.2    1.1%    3593.5     0     0.00
 876  334848.9   304691.8   30157.1    106.9    0.4%   30050.3     0     0.00
 877  313181.9   309452.4    3729.5     61.4    1.6%    3668.1     0     0.00
 878  317124.7   309053.1    8071.6     72.1    0.9%    7999.5     0     0.00
 879  347043.9   308680.0   38363.9    163.5    0.4%   38200.4     0     0.00
 880  337353.7   308289.4   29064.2    101.9    0.4%   28962.3     0     0.00
 881  337375.1   311888.8   25486.3     76.4    0.3%   25409.9     0     0.00
 882  367329.3   316001.1   51328.2    210.2    0.4%   51117.9     0     0.00
 883  319524.1   315741.3    3782.8     62.8    1.7%    3720.0     0     0.00
 884  355602.0   315243.2   40358.8    194.9    0.5%   40163.8     0     0.00
 885  318842.7   315114.1    3728.6     44.5    1.2%    3684.1     0     0.00
 886  337665.2   334079.5    3585.7     70.0    2.0%    3515.7     0     0.00
 887  339839.2   334263.5    5575.7     77.8    1.4%    5497.9     0     0.00
 888  337454.6   333855.0    3599.6     67.3    1.9%    3532.3     0     0.00
 889  358029.7   333591.4   24438.3    158.1    0.6%   24280.2     0     0.00
 890  341629.1   331718.3    9910.8    100.7    1.0%    9810.0     0     0.00
 891  370984.1   332625.8   38358.3    202.0    0.5%   38156.3     0     0.00
 892  411322.9   332120.6   79202.3    317.2    0.4%   78885.1     0     0.00
 893  333179.8   329551.0    3628.8     67.3    1.9%    3561.6     0     0.00
 894  333326.0   328918.2    4407.8     69.4    1.6%    4338.5     0     0.00
 895  333278.3   328499.9    4778.5     71.1    1.5%    4707.4     0     0.00
 896  332679.6   328271.9    4407.7     69.2    1.6%    4338.5     0     0.00
 897  385692.5   328070.6   57621.8    211.3    0.4%   57410.5     0     0.00
 898  332021.3   328413.3    3608.1     32.1    0.9%    3575.9     0     0.00
 899  331015.1   327386.3    3628.8     52.0    1.4%    3576.7     0     0.00
 900  338610.9   328413.6   10197.3     87.9    0.9%   10109.4     0     0.00
 901  397686.6   327303.7   70382.9    240.2    0.3%   70142.8     0     0.00
 902  352846.9   326935.4   25911.5    151.5    0.6%   25760.1     0     0.00
 903  334405.5   326066.6    8338.9     93.5    1.1%    8245.4     0     0.00
 904  345287.2   326718.0   18569.3    128.7    0.7%   18440.5     0     0.00
 905  341339.1   326407.3   14931.8    119.4    0.8%   14812.4     0     0.00
 906  331336.8   325612.6    5724.2     79.1    1.4%    5645.1     0     0.00
 907  328966.7   325382.8    3583.9     69.3    1.9%    3514.6     0     0.00
 908  350133.2   324913.4   25219.8    129.7    0.5%   25090.1     0     0.00
 909  333772.7   325804.2    7968.4     74.0    0.9%    7894.4     0     0.00
 910  329116.6   325635.0    3481.5     50.2    1.4%    3431.4     0     0.00
 911  370614.3   325820.1   44794.2    171.0    0.4%   44623.2     0     0.00
 912  329221.9   325754.5    3467.4     51.4    1.5%    3416.0     0     0.00
 913  329042.2   325577.2    3465.0     49.6    1.4%    3415.4     0     0.00
 914  330869.9   325691.6    5178.3     59.5    1.1%    5118.8     0     0.00
 915  350967.0   325684.5   25282.6    127.3    0.5%   25155.3     0     0.00
 916  329079.0   325621.2    3457.8     48.9    1.4%    3408.9     0     0.00
 917  329757.5   326309.9    3447.7     47.9    1.4%    3399.8     0     0.00
 918  328813.9   325365.5    3448.4     49.3    1.4%    3399.1     0     0.00
 919  328624.3   325178.5    3445.7     50.0    1.5%    3395.8     0     0.00
 920  328582.3   325137.8    3444.5     49.8    1.4%    3394.8     0     0.00
 921  390296.4   323089.2   67207.2    219.5    0.3%   66987.7     0     0.00
 922  337162.5   322940.6   14222.0     89.0    0.6%   14133.0     0     0.00
 923  351140.0   322613.4   28526.6    137.2    0.5%   28389.4     0     0.00
 924  326197.3   322761.2    3436.1     49.8    1.5%    3386.3     0     0.00
 925  346554.2   322208.9   24345.3    119.0    0.5%   24226.3     0     0.00
 926  325772.6   322336.9    3435.7     48.0    1.4%    3387.7     0     0.00
 927  329093.9   322192.1    6901.8     62.0    0.9%    6839.9     0     0.00
 928  370797.1   321894.1   48903.0    161.6    0.3%   48741.4     0     0.00
 929  324699.2   321264.7    3434.6     46.1    1.3%    3388.5     0     0.00
 930  324553.7   321116.8    3436.9     46.8    1.4%    3390.0     0     0.00
 931  334138.5   319370.1   14768.4     85.8    0.6%   14682.6     0     0.00
 932  322432.0   318994.5    3437.4     45.5    1.3%    3391.9     0     0.00
 933  336459.6   319073.9   17385.7     88.9    0.5%   17296.8     0     0.00
 934  322859.7   319417.5    3442.2     45.6    1.3%    3396.6     0     0.00
 935  383425.9   318419.2   65006.7    225.0    0.3%   64781.7     0     0.00
 936  322924.2   319465.7    3458.5     45.7    1.3%    3412.7     0     0.00
 937  322910.0   319451.6    3458.4     45.7    1.3%    3412.7     0     0.00
 938  342267.6   320133.9   22133.7    102.7    0.5%   22031.0     0     0.00
 939  327028.6   320067.6    6961.1     52.0    0.7%    6909.0     0     0.00
 940  326784.7   319796.1    6988.7     54.5    0.8%    6934.2     0     0.00
 941  350597.1   319572.0   31025.0    127.5    0.4%   30897.5     0     0.00
 942  377538.1   318932.5   58605.6    179.2    0.3%   58426.4     0     0.00
 943  374233.5   320217.5   54015.9    161.1    0.3%   53854.8     0     0.00
 944  364096.7   320300.1   43796.5    135.8    0.3%   43660.7     0     0.00
 945  368336.7   324269.2   44067.6    136.8    0.3%   43930.7     0     0.00
 946  449278.9   321567.9  127711.0    320.4    0.3%  127390.6     0     0.00
 947  349209.5   321466.2   27743.4    115.0    0.4%   27628.4     0     0.00
 948  428651.7   321116.2  107535.5    280.2    0.3%  107255.3     0     0.00
 949  330498.2   326938.2    3560.0     62.8    1.8%    3497.2     0     0.00
 950  334926.6   325478.7    9448.0     87.2    0.9%    9360.8     0     0.00
 951  335802.3   323732.8   12069.5     94.9    0.8%   11974.6     0     0.00
 952  330819.6   323677.0    7142.6     74.3    1.0%    7068.3     0     0.00
 953  330319.1   323275.2    7043.9     73.9    1.0%    6970.1     0     0.00
 954  378048.3   323054.7   54993.6    172.9    0.3%   54820.7     0     0.00
 955  326465.1   322921.5    3543.5     42.3    1.2%    3501.3     0     0.00
 956  328705.6   322892.1    5813.5     50.8    0.9%    5762.7     0     0.00
 957  345060.7   326545.5   18515.2     69.6    0.4%   18445.6     0     0.00
 958  329934.6   326383.6    3551.0     46.8    1.3%    3504.2     0     0.00
 959  358477.6   326057.4   32420.2    100.1    0.3%   32320.1     0     0.00
 960  371038.9   325305.6   45733.3    165.4    0.4%   45567.9     0     0.00
 961  328504.7   324949.9    3554.8     47.2    1.3%    3507.5     0     0.00
 962  330538.2   326676.7    3861.5     50.5    1.3%    3811.0     0     0.00
 963  354439.6   326147.9   28291.7     84.9    0.3%   28206.8     0     0.00
 964  340739.0   326529.6   14209.4     54.3    0.4%   14155.1     0     0.00
 965  362562.9   326319.1   36243.8    106.5    0.3%   36137.3     0     0.00
 966  331708.4   325768.8    5939.6     50.5    0.9%    5889.1     0     0.00
 967  359343.2   325592.4   33750.8     96.0    0.3%   33654.8     0     0.00
 968  370599.6   325530.2   45069.4    139.2    0.3%   44930.3     0     0.00
 969  383835.9   324386.7   59449.2    168.7    0.3%   59280.6     0     0.00
 970  333012.2   324656.5    8355.8     52.4    0.6%    8303.4     0     0.00
 971  398990.6   351902.8   47087.8    151.5    0.3%   46936.3     0     0.00
 972  375105.4   352778.9   22326.6    101.0    0.5%   22225.6     0     0.00
 973  405809.0   352567.2   53241.8    162.1    0.3%   53079.7     0     0.00
 974  355134.2   351389.5    3744.8     42.4    1.1%    3702.4     0     0.00
 975  401015.9   356584.6   44431.2    142.0    0.3%   44289.2     0     0.00
 976  396318.1   356250.6   40067.5    134.5    0.3%   39933.0     0     0.00
 977  360092.4   356364.5    3727.9     69.7    1.9%    3658.2     0     0.00
 978  365410.9   355301.9   10109.0     71.5    0.7%   10037.5     0     0.00
 979  371505.5   352884.9   18620.7     89.7    0.5%   18530.9     0     0.00
 980  368562.2   352851.6   15710.6     82.4    0.5%   15628.2     0     0.00
 981  356843.8   353102.3    3741.5     67.1    1.8%    3674.4     0     0.00
 982  355716.3   351974.8    3741.5     67.1    1.8%    3674.4     0     0.00
 983  360494.2   352812.0    7682.2     62.1    0.8%    7620.1     0     0.00
 984  357226.4   352693.0    4533.5     73.0    1.6%    4460.4     0     0.00
 985  355712.5   351981.6    3731.0     70.9    1.9%    3660.1     0     0.00
 986  356864.0   353168.4    3695.6     69.2    1.9%    3626.4     0     0.00
 987  357686.3   352875.2    4811.0     70.1    1.5%    4740.9     0     0.00
 988  396991.6   352871.1   44120.5    131.2    0.3%   43989.3     0     0.00
 989  388359.3   351023.0   37336.4    101.1    0.3%   37235.3     0     0.00
 990  403170.1   351237.9   51932.2    143.2    0.3%   51789.0     0     0.00
 991  410098.4   350214.4   59884.0    156.4    0.3%   59727.6     0     0.00
 992  355738.8   348484.5    7254.3     54.0    0.7%    7200.3     0     0.00
 993  351904.6   348332.4    3572.2     63.4    1.8%    3508.8     0     0.00
 994  392114.3   347939.8   44174.5    127.0    0.3%   44047.5     0     0.00
 995  355939.8   348041.0    7898.7     35.1    0.4%    7863.7     0     0.00
 996  350960.2   347363.6    3596.6     41.5    1.2%    3555.1     0     0.00
 997  350034.3   346437.8    3596.6     41.5    1.2%    3555.1     0     0.00
 998  356246.8   346309.4    9937.4     37.7    0.4%    9899.7     0     0.00
 999  349745.6   346149.2    3596.5     41.3    1.1%    3555.1     0     0.00
