共 1000 条请求，成功 1000，失败 0

===== 汇总（仅成功请求） =====
  latency（端到端）                 n=1000 mean=  1385.95ms  p50=   506.51  p90=  4417.32  p99=  6812.33  min=    37.06  max=  6913.65
  P端prefill+网络（推算）             n=1000 mean=    69.31ms  p50=    68.27  p90=    81.24  p99=   175.99  min=    35.67  max=   351.28
  D端总耗时（排队+decode）             n=1000 mean=  1316.65ms  p50=   433.79  p90=  4344.17  p99=  6742.91  min=     0.40  max=  6779.95
  D端排队+调度（推算）                  n=942  mean=    28.65ms  p50=    27.70  p90=    42.19  p99=    53.12  min=     0.88  max=    60.46
  D端排队占比                       n=942  mean=     8.09%  p50=     4.65  p90=    20.02  p99=    50.08  min=     0.28  max=    51.56
  D端GPU decode（纯算）             n=942  mean=  1367.67ms  p50=   512.00  p90=  4418.98  p99=  6691.18  min=    25.60  max=  6719.49
  轮均GPU耗时                      n=942  mean=    26.10ms  p50=    26.16  p90=    26.35  p99=    26.62  min=    25.29  max=    27.10

===== 逐轮 GPU forward 耗时分布（所有请求合并） =====
  每轮 forward                   n=49363 mean=    26.10ms  p50=    26.13  p90=    26.33  p99=    26.72  min=    25.24  max=    29.50
  最慢的 10 轮：
       29.50ms  (请求 index=889, 第 12 轮)
       29.50ms  (请求 index=882, 第 100 轮)
       29.50ms  (请求 index=881, 第 159 轮)
       29.28ms  (请求 index=661, 第 7 轮)
       29.28ms  (请求 index=653, 第 235 轮)
       28.96ms  (请求 index=661, 第 8 轮)
       28.96ms  (请求 index=653, 第 236 轮)
       28.74ms  (请求 index=889, 第 13 轮)
       28.74ms  (请求 index=882, 第 101 轮)
       28.74ms  (请求 index=881, 第 160 轮)

===== 零 decode 轮请求（共 58 条） =====
  说明：output_len=1 时首 token 由 P 端 prefill 直接产出，D 端无需 forward
    index=2  latency=84.535ms  d_total=24.921ms
    index=3  latency=37.063ms  d_total=0.51ms
    index=30  latency=103.494ms  d_total=26.085ms
    index=43  latency=89.394ms  d_total=25.939ms
    index=59  latency=80.748ms  d_total=25.349ms
    index=78  latency=97.633ms  d_total=25.898ms
    index=107  latency=89.984ms  d_total=26.067ms
    index=125  latency=107.579ms  d_total=25.755ms
    index=150  latency=99.164ms  d_total=26.067ms
    index=159  latency=85.598ms  d_total=26.185ms
    index=167  latency=105.241ms  d_total=26.033ms
    index=168  latency=102.873ms  d_total=25.879ms
    index=235  latency=94.74ms  d_total=26.184ms
    index=247  latency=99.734ms  d_total=26.191ms
    index=288  latency=98.048ms  d_total=25.707ms
    index=307  latency=104.908ms  d_total=26.229ms
    index=322  latency=94.736ms  d_total=26.049ms
    index=324  latency=105.026ms  d_total=26.07ms
    index=340  latency=105.62ms  d_total=25.388ms
    index=341  latency=84.978ms  d_total=25.298ms
    index=343  latency=101.225ms  d_total=24.902ms
    index=357  latency=99.318ms  d_total=25.897ms
    index=360  latency=106.709ms  d_total=26.169ms
    index=381  latency=102.825ms  d_total=26.041ms
    index=387  latency=133.57ms  d_total=26.006ms
    index=391  latency=88.268ms  d_total=26.012ms
    index=454  latency=87.927ms  d_total=25.948ms
    index=472  latency=105.021ms  d_total=25.718ms
    index=482  latency=86.905ms  d_total=25.361ms
    index=491  latency=94.473ms  d_total=25.933ms
    index=514  latency=101.217ms  d_total=26.052ms
    index=566  latency=37.898ms  d_total=0.399ms
    index=568  latency=99.752ms  d_total=25.247ms
    index=612  latency=82.48ms  d_total=25.689ms
    index=616  latency=38.728ms  d_total=0.471ms
    index=642  latency=103.014ms  d_total=25.342ms
    index=679  latency=106.95ms  d_total=26.013ms
    index=685  latency=85.755ms  d_total=25.974ms
    index=709  latency=88.079ms  d_total=25.76ms
    index=727  latency=137.999ms  d_total=25.207ms
    index=728  latency=102.531ms  d_total=25.319ms
    index=750  latency=100.169ms  d_total=25.913ms
    index=763  latency=103.886ms  d_total=24.965ms
    index=776  latency=90.773ms  d_total=25.937ms
    index=784  latency=83.487ms  d_total=25.342ms
    index=797  latency=38.11ms  d_total=0.458ms
    index=806  latency=38.162ms  d_total=0.522ms
    index=807  latency=38.855ms  d_total=0.711ms
    index=826  latency=90.938ms  d_total=25.511ms
    index=866  latency=94.67ms  d_total=26.012ms
    index=867  latency=120.918ms  d_total=26.022ms
    index=878  latency=37.745ms  d_total=0.489ms
    index=927  latency=101.236ms  d_total=25.892ms
    index=955  latency=85.963ms  d_total=25.329ms
    index=966  latency=83.026ms  d_total=25.89ms
    index=978  latency=96.233ms  d_total=25.944ms
    index=995  latency=82.602ms  d_total=26.037ms
    index=998  latency=98.998ms  d_total=25.865ms

===== 逐请求明细 =====
 idx   latency     P端(推算)       D端总       排队     排队%       GPU    轮数       轮均
   0    1420.8       42.6    1378.2      6.1    0.4%    1372.1    54    25.41
   1     264.5       56.8     207.7     26.2   12.6%     181.6     7    25.94
   2      84.5       59.6      24.9      0.0    0.0%       0.0     0     0.00
   3      37.1       36.6       0.5      0.0    0.0%       0.0     0     0.00
   4     113.0       35.7      77.3      1.1    1.4%      76.2     3    25.40
   5     243.7       39.7     203.9      1.3    0.6%     202.6     8    25.33
   6     622.1       37.0     585.1      3.4    0.6%     581.7    23    25.29
   7     246.9       68.1     178.8     26.1   14.6%     152.7     6    25.46
   8    3374.6       41.5    3333.1     13.0    0.4%    3320.1   128    25.94
   9     329.2       94.6     234.6     26.2   11.2%     208.4     8    26.05
  10     444.7       80.4     364.4     26.4    7.2%     338.0    13    26.00
  11    6789.4       75.5    6713.9     46.8    0.7%    6667.1   255    26.14
  12     863.9       77.8     786.1     28.8    3.7%     757.3    29    26.11
  13     170.8       64.9     105.9     26.8   25.3%      79.1     3    26.38
  14    3264.4       65.0    3199.3     35.8    1.1%    3163.5   121    26.14
  15     137.7       58.7      79.1     26.6   33.6%      52.5     2    26.25
  16    6732.2       75.9    6656.4     51.6    0.8%    6604.8   252    26.21
  17     706.9       76.9     630.0     27.6    4.4%     602.4    23    26.19
  18    2088.0       65.5    2022.5     32.9    1.6%    1989.6    76    26.18
  19     642.4       61.1     581.3     29.3    5.0%     551.9    21    26.28
  20     284.0       72.9     211.1     26.8   12.7%     184.3     7    26.34
  21     140.5       61.2      79.3     26.4   33.3%      52.9     2    26.47
  22    2381.4       65.4    2316.0     35.1    1.5%    2280.9    87    26.22
  23    4486.2       57.2    4429.0     48.4    1.1%    4380.6   167    26.23
  24    3325.7       80.1    3245.7     42.9    1.3%    3202.7   122    26.25
  25    2208.2       63.4    2144.8     39.1    1.8%    2105.7    80    26.32
  26     291.8       79.4     212.3     27.6   13.0%     184.7     7    26.39
  27     831.8       65.0     766.9     29.5    3.9%     737.3    28    26.33
  28     575.6       73.1     502.5     28.5    5.7%     474.0    18    26.33
  29     341.1       76.8     264.3     27.2   10.3%     237.1     9    26.34
  30     103.5       77.4      26.1      0.0    0.0%       0.0     0     0.00
  31     236.2       76.2     160.0     28.2   17.6%     131.8     5    26.36
  32     291.4       78.7     212.7     27.9   13.1%     184.8     7    26.40
  33    6758.0       60.1    6697.9     49.0    0.7%    6648.9   255    26.07
  34     229.6       71.0     158.6     27.1   17.1%     131.5     5    26.30
  35     297.6       59.1     238.5     27.9   11.7%     210.6     8    26.32
  36     391.6       76.1     315.5     27.1    8.6%     288.5    11    26.22
  37    4530.0       58.0    4472.0     38.5    0.9%    4433.5   170    26.08
  38     464.9       71.6     393.3     27.2    6.9%     366.1    14    26.15
  39     660.2       82.4     577.8     28.5    4.9%     549.3    21    26.16
  40     138.7       59.1      79.6     26.7   33.5%      52.9     2    26.46
  41     431.1       63.7     367.5     27.2    7.4%     340.2    13    26.17
  42     258.6       74.7     183.9     27.1   14.7%     156.8     6    26.14
  43      89.4       63.5      25.9      0.0    0.0%       0.0     0     0.00
  44     382.5       69.5     313.0     26.4    8.4%     286.6    11    26.05
  45     287.0       58.0     229.0      1.3    0.6%     227.7     9    25.30
  46      65.8       39.3      26.5      0.9    3.3%      25.6     1    25.61
  47     574.3       37.7     536.6      3.5    0.7%     533.1    21    25.38
  48     123.1       70.5      52.6     26.2   49.9%      26.4     1    26.39
  49     266.1       36.6     229.5      1.5    0.7%     227.9     9    25.32
  50    3118.7       39.3    3079.4     11.2    0.4%    3068.2   120    25.57
  51     194.9       65.0     129.9     26.0   20.0%     103.9     4    25.98
  52     394.5       82.4     312.1     26.1    8.4%     286.0    11    26.00
  53     268.9       60.8     208.1     26.0   12.5%     182.1     7    26.01
  54    1169.3       71.9    1097.4     31.2    2.8%    1066.2    41    26.01
  55     501.5       58.9     442.6     27.3    6.2%     415.3    16    25.95
  56    1657.1       57.6    1599.5     33.6    2.1%    1565.9    61    25.67
  57     275.7       65.9     209.8     27.2   12.9%     182.6     7    26.09
  58     372.2       59.5     312.7     27.0    8.6%     285.7    11    25.97
  59      80.7       55.4      25.3      0.0    0.0%       0.0     0     0.00
  60     692.6       69.1     623.5     28.5    4.6%     595.0    23    25.87
  61     339.3       78.0     261.3     26.6   10.2%     234.7     9    26.08
  62     630.0       68.9     561.2     26.9    4.8%     534.3    21    25.44
  63     851.4       58.9     792.5      3.2    0.4%     789.4    31    25.46
  64    3871.9       56.1    3815.8     40.6    1.1%    3775.2   145    26.04
  65     288.9       81.2     207.7     26.2   12.6%     181.6     7    25.94
  66     285.3       77.5     207.8     26.1   12.6%     181.7     7    25.95
  67    1704.5       58.4    1646.1     31.5    1.9%    1614.6    62    26.04
  68     269.6       59.9     209.6     26.6   12.7%     183.0     7    26.14
  69    1689.1       58.6    1630.5     33.0    2.0%    1597.5    61    26.19
  70     176.2       70.9     105.3     26.7   25.4%      78.6     3    26.19
  71    3242.6       75.1    3167.6     36.6    1.2%    3131.0   120    26.09
  72    1766.5       60.2    1706.4     31.4    1.8%    1674.9    64    26.17
  73     276.4       65.4     211.0     26.7   12.7%     184.3     7    26.32
  74    2934.6       61.7    2872.9     35.8    1.2%    2837.1   109    26.03
  75     267.5       57.7     209.8     26.8   12.8%     183.0     7    26.14
  76     157.5       78.5      79.0     26.5   33.5%      52.5     2    26.26
  77    4241.1       61.3    4179.8     37.6    0.9%    4142.2   161    25.73
  78      97.6       71.7      25.9      0.0    0.0%       0.0     0     0.00
  79     444.0       54.6     389.4     26.4    6.8%     363.0    14    25.93
  80    2415.5       61.1    2354.4     33.5    1.4%    2320.9    89    26.08
  81     659.3       81.9     577.5     28.3    4.9%     549.2    21    26.15
  82    3950.9       60.0    3890.8     38.9    1.0%    3852.0   149    25.85
  83     647.2       70.6     576.6     29.1    5.0%     547.5    21    26.07
  84     330.3       68.7     261.6     27.0   10.3%     234.7     9    26.07
  85     466.2       75.0     391.1     27.1    6.9%     364.0    14    26.00
  86     637.8       62.9     574.9     27.8    4.8%     547.1    21    26.05
  87     806.4       74.4     732.0     29.7    4.1%     702.3    27    26.01
  88     240.4       81.0     159.4     28.4   17.8%     131.0     5    26.20
  89     265.3       57.0     208.3     26.7   12.8%     181.7     7    25.95
  90     241.2       37.3     204.0      1.4    0.7%     202.6     8    25.32
  91    4316.7       59.7    4256.9     14.8    0.3%    4242.1   163    26.02
  92    3107.9       85.2    3022.8     33.9    1.1%    2988.9   115    25.99
  93     516.4       72.7     443.7     27.2    6.1%     416.5    16    26.03
  94     335.7       73.7     262.0     26.9   10.2%     235.1     9    26.13
  95    6801.0       57.1    6743.8     53.4    0.8%    6690.4   255    26.24
  96    1927.6      192.4    1735.3     32.2    1.9%    1703.0    65    26.20
  97     731.0       73.7     657.3     28.5    4.3%     628.8    24    26.20
  98    6835.9       76.7    6759.2     56.3    0.8%    6702.8   255    26.29
  99    1270.9       59.3    1211.6     30.6    2.5%    1181.0    45    26.25
 100    6819.0       69.5    6749.5     54.7    0.8%    6694.8   255    26.25
 101    1465.1       69.8    1395.3     30.0    2.1%    1365.4    52    26.26
 102     445.2       75.9     369.2     27.3    7.4%     342.0    13    26.30
 103    3171.5       77.0    3094.5     42.3    1.4%    3052.3   116    26.31
 104     387.4       70.5     316.9     27.1    8.6%     289.7    11    26.34
 105     327.7       63.5     264.2     27.1   10.3%     237.0     9    26.34
 106     128.5       75.1      53.4     26.8   50.1%      26.6     1    26.65
 107      90.0       63.9      26.1      0.0    0.0%       0.0     0     0.00
 108     830.8       65.1     765.7     28.4    3.7%     737.4    28    26.34
 109     205.9       73.4     132.5     26.9   20.3%     105.6     4    26.40
 110    2991.3       60.1    2931.1     38.1    1.3%    2893.0   110    26.30
 111     327.7       63.1     264.6     27.3   10.3%     237.3     9    26.37
 112     313.9       73.7     240.2     28.5   11.9%     211.7     8    26.46
 113    1488.4       86.9    1401.5     31.8    2.3%    1369.7    52    26.34
 114     170.0       63.8     106.3     26.9   25.3%      79.4     3    26.45
 115     811.8       71.5     740.3     29.1    3.9%     711.2    27    26.34
 116     743.1       82.8     660.3     28.2    4.3%     632.1    24    26.34
 117     516.4       70.5     445.9     27.4    6.1%     418.5    16    26.16
 118     210.4       57.4     153.1      1.2    0.8%     151.9     6    25.32
 119    1110.7       38.7    1071.9      4.7    0.4%    1067.2    42    25.41
 120     626.9       54.7     572.2     27.7    4.8%     544.6    21    25.93
 121    2266.6       62.8    2203.8     34.1    1.5%    2169.7    84    25.83
 122    3965.2       66.3    3898.9     45.5    1.2%    3853.5   147    26.21
 123     265.2       79.2     186.0     27.9   15.0%     158.1     6    26.35
 124     326.7       62.8     263.9     27.8   10.5%     236.1     9    26.23
 125     107.6       81.8      25.8      0.0    0.0%       0.0     0     0.00
 126     284.6       74.1     210.5     26.9   12.8%     183.6     7    26.23
 127    1956.4       75.8    1880.6     37.1    2.0%    1843.5    70    26.34
 128     957.8       62.5     895.3     31.2    3.5%     864.1    33    26.19
 129    3660.6       83.3    3577.4     47.0    1.3%    3530.3   134    26.35
 130    4970.0       65.1    4904.9     52.9    1.1%    4852.0   184    26.37
 131     973.9       65.4     908.5     32.6    3.6%     875.9    33    26.54
 132    6863.2       83.2    6780.0     60.5    0.9%    6719.5   255    26.35
 133    1010.7      208.6     802.1     31.3    3.9%     770.8    29    26.58
 134     178.5       70.6     107.9     28.5   26.4%      79.4     3    26.46
 135     303.5       59.5     244.0     28.7   11.7%     215.4     8    26.92
 136    3266.1       60.6    3205.5     42.3    1.3%    3163.2   120    26.36
 137     687.5      105.1     582.4     29.6    5.1%     552.8    21    26.32
 138     808.4       66.6     741.7     31.3    4.2%     710.5    27    26.31
 139     268.8       57.7     211.1     27.0   12.8%     184.1     7    26.30
 140     293.7      107.0     186.7     28.1   15.1%     158.6     6    26.43
 141    2768.2      122.3    2645.9     37.8    1.4%    2608.0    99    26.34
 142    2999.5       63.2    2936.3     38.8    1.3%    2897.5   110    26.34
 143     506.7       81.9     424.9     29.3    6.9%     395.6    15    26.37
 144     322.9       84.2     238.7     27.6   11.6%     211.0     8    26.38
 145    2960.8       80.9    2879.9     36.2    1.3%    2843.7   108    26.33
 146     196.0       63.2     132.9     27.1   20.4%     105.7     4    26.44
 147    6825.9       78.5    6747.5     51.6    0.8%    6695.9   255    26.26
 148    6813.2       67.6    6745.6     50.8    0.8%    6694.8   255    26.25
 149    1138.4       80.2    1058.2     31.5    3.0%    1026.7    39    26.33
 150      99.2       73.1      26.1      0.0    0.0%       0.0     0     0.00
 151     303.5       63.3     240.2     28.8   12.0%     211.5     8    26.43
 152     637.9       83.1     554.8     28.4    5.1%     526.4    20    26.32
 153     822.8       82.7     740.1     30.5    4.1%     709.6    27    26.28
 154     241.4       81.4     159.9     27.7   17.3%     132.2     5    26.44
 155    6157.6       73.4    6084.3     48.7    0.8%    6035.6   230    26.24
 156     278.1       68.0     210.1     27.0   12.8%     183.2     7    26.16
 157    1792.5       78.0    1714.5     31.8    1.9%    1682.7    64    26.29
 158    2162.1       78.8    2083.3     32.6    1.6%    2050.7    78    26.29
 159      85.6       59.4      26.2      0.0    0.0%       0.0     0     0.00
 160    2580.5       73.8    2506.7     37.7    1.5%    2468.9    94    26.27
 161     935.3       64.1     871.2     30.3    3.5%     841.0    32    26.28
 162    3145.9       95.3    3050.6     39.8    1.3%    3010.8   115    26.18
 163    6729.3       75.5    6653.8     50.6    0.8%    6603.2   255    25.89
 164     504.4       80.9     423.5     28.3    6.7%     395.3    15    26.35
 165     594.8       65.7     529.1     28.7    5.4%     500.4    19    26.34
 166     299.6       61.1     238.5     28.7   12.0%     209.8     8    26.23
 167     105.2       79.2      26.0      0.0    0.0%       0.0     0     0.00
 168     102.9       77.0      25.9      0.0    0.0%       0.0     0     0.00
 169     417.1       75.5     341.6     27.3    8.0%     314.3    12    26.19
 170     265.3       81.5     183.8     26.6   14.5%     157.2     6    26.20
 171     272.0       63.1     208.9     26.3   12.6%     182.5     7    26.08
 172     884.9       72.9     812.0     28.5    3.5%     783.6    30    26.12
 173     597.4       73.1     524.3     27.5    5.2%     496.8    19    26.15
 174     265.6       56.8     208.9     26.4   12.6%     182.5     7    26.07
 175     289.3       80.1     209.2     26.6   12.7%     182.6     7    26.08
 176    6125.4       39.2    6086.2     21.9    0.4%    6064.3   233    26.03
 177     199.7       69.6     130.1     26.1   20.1%     104.0     4    25.99
 178     762.5       57.8     704.7     28.1    4.0%     676.6    26    26.02
 179    5601.4       94.5    5506.9     44.1    0.8%    5462.8   209    26.14
 180    1948.4       91.4    1857.0     31.0    1.7%    1826.0    70    26.09
 181     214.6       82.3     132.2     26.9   20.3%     105.4     4    26.34
 182     534.1       62.2     471.9     27.5    5.8%     444.5    17    26.14
 183    2204.7       70.5    2134.2     33.8    1.6%    2100.4    80    26.25
 184     648.3       67.9     580.4     29.5    5.1%     550.9    21    26.23
 185     277.7       65.1     212.5     27.9   13.1%     184.7     7    26.38
 186     524.1       77.5     446.6     27.5    6.2%     419.1    16    26.19
 187    1313.3       58.3    1255.0     28.4    2.3%    1226.6    48    25.55
 188     115.6       37.9      77.8      1.3    1.7%      76.4     3    25.47
 189     936.9       37.7     899.2      5.6    0.6%     893.7    35    25.53
 190     220.5       64.6     155.9     26.1   16.8%     129.8     5    25.96
 191     189.3       59.5     129.9     25.9   20.0%     103.9     4    25.98
 192     881.9       78.4     803.6     29.2    3.6%     774.3    30    25.81
 193     534.8       67.6     467.2     26.7    5.7%     440.5    17    25.91
 194     489.6       76.7     413.0     27.4    6.6%     385.5    15    25.70
 195    6812.3       76.8    6735.5     48.3    0.7%    6687.3   255    26.23
 196    4155.7      176.5    3979.2     40.9    1.0%    3938.3   150    26.25
 197     697.1      119.5     577.6     27.7    4.8%     549.9    21    26.19
 198     385.7       69.4     316.4     28.1    8.9%     288.3    11    26.21
 199     395.0       79.9     315.2     27.2    8.6%     288.0    11    26.18
 200    3953.0       75.8    3877.2     39.0    1.0%    3838.2   146    26.29
 201    1905.5       62.7    1842.8     31.1    1.7%    1811.6    69    26.26
 202    5698.6       62.4    5636.1     45.1    0.8%    5591.1   213    26.25
 203     338.9       72.1     266.8     28.3   10.6%     238.5     9    26.50
 204    5349.5       63.0    5286.5     44.5    0.8%    5242.0   200    26.21
 205    1510.8       57.9    1453.0     30.7    2.1%    1422.3    54    26.34
 206     178.7       72.2     106.5     27.0   25.4%      79.5     3    26.50
 207    6657.4       83.2    6574.2     48.4    0.7%    6525.8   250    26.10
 208     292.5       80.7     211.8     28.5   13.5%     183.3     7    26.19
 209     164.4       58.6     105.8     26.8   25.3%      79.0     3    26.33
 210     176.7       71.0     105.7     26.9   25.5%      78.8     3    26.27
 211     506.3       60.2     446.1     27.4    6.1%     418.7    16    26.17
 212    1320.4       67.6    1252.9     29.1    2.3%    1223.8    47    26.04
 213    3401.9       78.0    3323.9     36.0    1.1%    3288.0   126    26.09
 214     627.6       77.1     550.5     27.6    5.0%     522.9    20    26.15
 215    4639.5       78.8    4560.7     42.2    0.9%    4518.5   174    25.97
 216     128.3       75.0      53.2     26.7   50.1%      26.5     1    26.54
 217     296.7       60.2     236.5     27.1   11.4%     209.4     8    26.18
 218    4121.5       58.2    4063.3     41.7    1.0%    4021.6   154    26.11
 219    3936.0       81.7    3854.2     41.1    1.1%    3813.2   146    26.12
 220     118.0       65.3      52.7     26.1   49.5%      26.6     1    26.59
 221     864.3       74.2     790.0     29.2    3.7%     760.8    29    26.23
 222     457.4       61.7     395.7     27.4    6.9%     368.3    14    26.31
 223     268.7       57.5     211.2     27.8   13.2%     183.4     7    26.20
 224     122.4       69.3      53.1     26.7   50.2%      26.5     1    26.48
 225     849.3       61.9     787.4     29.0    3.7%     758.4    29    26.15
 226    6787.5       76.6    6710.9     51.6    0.8%    6659.4   255    26.11
 227     588.6       66.0     522.7     28.3    5.4%     494.3    19    26.02
 228    6790.7       70.0    6720.6     50.6    0.8%    6670.0   255    26.16
 229     125.2       72.2      53.0     26.6   50.2%      26.4     1    26.38
 230     266.6       57.1     209.5     26.9   12.8%     182.6     7    26.09
 231    3320.1       64.4    3255.7     36.4    1.1%    3219.3   123    26.17
 232    1988.6       73.3    1915.2     31.1    1.6%    1884.1    72    26.17
 233    6816.3       75.8    6740.6     53.9    0.8%    6686.7   255    26.22
 234     700.3       62.8     637.5     31.5    4.9%     605.9    23    26.34
 235      94.7       68.6      26.2      0.0    0.0%       0.0     0     0.00
 236     834.4       64.4     770.0     30.2    3.9%     739.8    28    26.42
 237     490.1       64.3     425.8     28.8    6.8%     397.0    15    26.47
 238     364.1       97.9     266.1     27.9   10.5%     238.2     9    26.47
 239     695.0      192.2     502.7     27.8    5.5%     474.9    18    26.38
 240    1653.6       81.4    1572.2     30.1    1.9%    1542.1    59    26.14
 241    1982.8       65.7    1917.1     32.8    1.7%    1884.4    72    26.17
 242    2369.5       75.6    2293.9     37.4    1.6%    2256.5    86    26.24
 243    3472.1       78.4    3393.7     40.1    1.2%    3353.6   128    26.20
 244     862.5      176.7     685.9     29.5    4.3%     656.4    25    26.26
 245    3776.5       75.4    3701.1     40.0    1.1%    3661.1   140    26.15
 246     553.0       76.9     476.2     28.2    5.9%     448.0    17    26.35
 247      99.7       73.5      26.2      0.0    0.0%       0.0     0     0.00
 248     294.1       80.0     214.0     29.3   13.7%     184.7     7    26.38
 249    4153.6       65.9    4087.7     39.6    1.0%    4048.2   155    26.12
 250     174.8       69.3     105.5     26.8   25.4%      78.8     3    26.25
 251     271.3       61.5     209.8     26.8   12.8%     183.0     7    26.15
 252    5444.2       65.6    5378.6     46.6    0.9%    5332.1   204    26.14
 253     340.7       78.4     262.3     26.9   10.2%     235.4     9    26.16
 254     428.4       60.1     368.4     28.0    7.6%     340.4    13    26.18
 255    4831.7       81.9    4749.9     43.1    0.9%    4706.7   180    26.15
 256     226.0       68.5     157.5     26.7   16.9%     130.8     5    26.16
 257    4118.7      104.1    4014.7     39.8    1.0%    3974.9   152    26.15
 258     543.1       97.6     445.6     27.2    6.1%     418.3    16    26.15
 259     307.9       68.4     239.5     28.1   11.7%     211.3     8    26.42
 260    1627.9       74.0    1553.9     32.1    2.1%    1521.8    58    26.24
 261     276.2       64.9     211.3     27.0   12.8%     184.3     7    26.34
 262    4331.1       60.8    4270.3     42.5    1.0%    4227.8   162    26.10
 263     172.9       66.9     106.0     26.7   25.2%      79.3     3    26.44
 264     275.9       64.4     211.6     27.2   12.8%     184.4     7    26.34
 265     274.8       66.4     208.4     26.3   12.6%     182.2     7    26.02
 266     266.8       55.3     211.4     28.0   13.3%     183.4     7    26.20
 267    1099.3       73.0    1026.3     31.9    3.1%     994.4    38    26.17
 268     980.8       60.0     920.8     31.8    3.4%     889.0    34    26.15
 269     291.2       81.2     210.0     26.9   12.8%     183.1     7    26.16
 270     344.6       81.2     263.4     27.3   10.4%     236.1     9    26.24
 271    2253.3       80.3    2173.1     32.6    1.5%    2140.4    83    25.79
 272     264.2       56.8     207.3     25.7   12.4%     181.6     7    25.95
 273     807.3       79.2     728.0     26.7    3.7%     701.3    27    25.98
 274    5245.5       40.6    5204.8     19.9    0.4%    5184.9   200    25.93
 275     637.0       60.8     576.2     28.5    5.0%     547.6    21    26.08
 276     383.4       68.2     315.2     27.8    8.8%     287.4    11    26.13
 277     972.7       81.6     891.2     30.0    3.4%     861.2    33    26.10
 278     465.3       97.8     367.5     27.7    7.5%     339.8    13    26.14
 279     650.0       72.0     578.1     29.7    5.1%     548.4    21    26.11
 280     253.9       68.7     185.2     27.7   15.0%     157.5     6    26.24
 281    6781.4       75.3    6706.1     46.2    0.7%    6659.9   255    26.12
 282    3900.5       70.1    3830.4     38.8    1.0%    3791.6   145    26.15
 283     140.1       60.8      79.3     26.7   33.7%      52.6     2    26.31
 284    6769.1       70.5    6698.6     48.0    0.7%    6650.5   255    26.08
 285     485.5       90.4     395.1     27.9    7.1%     367.1    14    26.22
 286     133.5       80.2      53.3     26.7   50.0%      26.7     1    26.70
 287     289.2       77.9     211.3     27.7   13.1%     183.6     7    26.23
 288      98.0       72.3      25.7      0.0    0.0%       0.0     0     0.00
 289     446.0       78.8     367.2     27.1    7.4%     340.1    13    26.16
 290    2356.5       79.0    2277.5     33.3    1.5%    2244.2    86    26.10
 291     292.7       80.7     212.0     27.9   13.2%     184.1     7    26.30
 292     285.5       73.8     211.6     27.7   13.1%     183.9     7    26.27
 293     270.0       59.4     210.5     26.9   12.8%     183.6     7    26.23
 294     334.6       73.5     261.1     26.3   10.1%     234.7     9    26.08
 295     574.7       37.6     537.1      3.0    0.6%     534.1    21    25.43
 296    6753.9       55.8    6698.0     49.1    0.7%    6648.9   255    26.07
 297     395.3       57.9     337.4     26.4    7.8%     311.1    12    25.92
 298    1609.1       58.6    1550.5     34.0    2.2%    1516.5    58    26.15
 299     273.3       64.2     209.2     26.8   12.8%     182.4     7    26.06
 300     381.2       65.6     315.6     27.9    8.8%     287.7    11    26.15
 301    5750.1       68.7    5681.5     45.4    0.8%    5636.1   215    26.21
 302    6797.6       58.6    6738.9     47.7    0.7%    6691.2   255    26.24
 303     860.0       69.4     790.6     28.8    3.6%     761.7    29    26.27
 304    1480.1       63.4    1416.7     29.5    2.1%    1387.2    53    26.17
 305    6804.1       59.7    6744.4     50.2    0.7%    6694.2   255    26.25
 306     924.3      131.3     793.0     28.9    3.6%     764.1    29    26.35
 307     104.9       78.7      26.2      0.0    0.0%       0.0     0     0.00
 308     170.6       64.5     106.1     26.8   25.2%      79.3     3    26.43
 309    1472.0       69.9    1402.1     32.5    2.3%    1369.6    52    26.34
 310    5205.4       58.9    5146.5     50.4    1.0%    5096.0   194    26.27
 311    1935.9       60.6    1875.3     32.8    1.7%    1842.4    70    26.32
 312    6824.5       75.1    6749.4     54.9    0.8%    6694.5   255    26.25
 313    1021.6       69.3     952.3     30.0    3.2%     922.3    35    26.35
 314     268.8       57.3     211.5     27.1   12.8%     184.4     7    26.35
 315     276.5       64.6     211.8     28.4   13.4%     183.4     7    26.20
 316     467.0       70.9     396.1     28.1    7.1%     368.0    14    26.29
 317     446.9       78.1     368.8     27.3    7.4%     341.5    13    26.27
 318     290.5       80.1     210.4     26.9   12.8%     183.5     7    26.21
 319    4682.8       68.3    4614.5     46.9    1.0%    4567.6   175    26.10
 320    1784.5       62.4    1722.1     36.6    2.1%    1685.6    64    26.34
 321     717.7       79.1     638.6     31.9    5.0%     606.6    23    26.38
 322      94.7       68.7      26.0      0.0    0.0%       0.0     0     0.00
 323     116.3       63.3      53.0     26.3   49.7%      26.7     1    26.67
 324     105.0       79.0      26.1      0.0    0.0%       0.0     0     0.00
 325    1712.2       75.3    1636.9     34.0    2.1%    1602.9    61    26.28
 326    2070.2       67.2    2002.9     34.1    1.7%    1968.9    75    26.25
 327     451.1       81.5     369.5     27.4    7.4%     342.1    13    26.31
 328     396.3       78.3     318.0     28.1    8.8%     290.0    11    26.36
 329     303.5       65.6     237.9     27.2   11.4%     210.7     8    26.34
 330     331.4       68.0     263.5     27.1   10.3%     236.3     9    26.26
 331     229.2       71.3     157.9     26.9   17.0%     131.0     5    26.21
 332     657.1       79.3     577.8     28.5    4.9%     549.3    21    26.16
 333    6661.2       74.7    6586.5     45.1    0.7%    6541.5   255    25.65
 334     640.1       67.1     573.0     27.7    4.8%     545.3    21    25.96
 335     754.1      102.4     651.6     27.1    4.2%     624.5    24    26.02
 336     272.1       63.1     209.0     26.1   12.5%     182.9     7    26.12
 337     194.4       62.6     131.8     27.6   20.9%     104.2     4    26.05
 338     386.7       73.5     313.2     27.0    8.6%     286.2    11    26.02
 339     749.2       71.2     678.0     27.2    4.0%     650.8    25    26.03
 340     105.6       80.2      25.4      0.0    0.0%       0.0     0     0.00
 341      85.0       59.7      25.3      0.0    0.0%       0.0     0     0.00
 342    1032.4       55.1     977.3      4.3    0.4%     973.0    38    25.61
 343     101.2       76.3      24.9      0.0    0.0%       0.0     0     0.00
 344     563.6       70.7     492.9     26.6    5.4%     466.3    18    25.91
 345     215.6       37.2     178.4      1.2    0.7%     177.2     7    25.32
 346    3091.3       66.5    3024.8     10.7    0.4%    3014.0   118    25.54
 347     246.7       63.0     183.7     26.9   14.6%     156.8     6    26.14
 348     196.3       65.0     131.3     26.6   20.3%     104.7     4    26.17
 349     738.2       57.3     680.9     28.7    4.2%     652.3    25    26.09
 350     280.6       69.7     210.9     27.9   13.2%     183.1     7    26.15
 351     299.8       63.6     236.3     26.9   11.4%     209.3     8    26.17
 352     570.7       37.4     533.3      2.1    0.4%     531.2    21    25.29
 353    3319.9       39.1    3280.8      9.9    0.3%    3271.0   127    25.76
 354    3024.9       66.4    2958.5     36.1    1.2%    2922.5   112    26.09
 355    1871.6       59.3    1812.3     33.5    1.9%    1778.7    68    26.16
 356    2128.9      132.8    1996.1     34.1    1.7%    1962.1    75    26.16
 357      99.3       73.4      25.9      0.0    0.0%       0.0     0     0.00
 358    2179.2       80.1    2099.1     35.2    1.7%    2063.8    79    26.12
 359     429.2       59.9     369.3     28.0    7.6%     341.4    13    26.26
 360     106.7       80.5      26.2      0.0    0.0%       0.0     0     0.00
 361     710.5       81.6     628.9     28.4    4.5%     600.5    23    26.11
 362    4514.4       81.4    4433.0     41.1    0.9%    4392.0   169    25.99
 363     277.9       67.3     210.6     27.5   13.1%     183.1     7    26.16
 364    2482.9       60.6    2422.3     32.3    1.3%    2389.9    92    25.98
 365     205.2       73.4     131.8     27.0   20.4%     104.9     4    26.22
 366     289.5       55.2     234.4     26.3   11.2%     208.1     8    26.01
 367    5103.1       71.3    5031.8     49.2    1.0%    4982.6   191    26.09
 368     700.8       71.8     628.9     27.6    4.4%     601.3    23    26.14
 369     166.6       61.3     105.3     26.7   25.4%      78.6     3    26.20
 370    1799.1       69.3    1729.8     34.1    2.0%    1695.6    65    26.09
 371     314.7       77.8     236.8     27.6   11.7%     209.3     8    26.16
 372     160.9       55.8     105.2     26.6   25.3%      78.6     3    26.18
 373     274.2       63.5     210.7     27.5   13.1%     183.2     7    26.17
 374     183.8       78.8     105.0     26.4   25.2%      78.6     3    26.19
 375    3553.1       82.4    3470.7     44.4    1.3%    3426.4   131    26.16
 376     312.0       75.6     236.4     27.0   11.4%     209.3     8    26.17
 377     205.2       72.4     132.9     27.6   20.8%     105.3     4    26.32
 378     330.5       66.6     263.9     27.9   10.6%     236.0     9    26.22
 379     111.7       58.2      53.4     26.8   50.2%      26.6     1    26.60
 380     644.2       64.8     579.4     29.3    5.1%     550.1    21    26.20
 381     102.8       76.8      26.0      0.0    0.0%       0.0     0     0.00
 382    1294.3       59.9    1234.4     30.8    2.5%    1203.6    46    26.16
 383     752.3       68.3     684.0     29.7    4.3%     654.2    25    26.17
 384     262.6       78.4     184.2     27.0   14.7%     157.1     6    26.19
 385    4962.2       59.8    4902.4     47.1    1.0%    4855.2   185    26.25
 386    3158.5       82.6    3075.9     39.4    1.3%    3036.5   116    26.18
 387     133.6      107.6      26.0      0.0    0.0%       0.0     0     0.00
 388    6846.9      104.0    6742.9     50.7    0.8%    6692.2   255    26.24
 389    1354.4       69.0    1285.4     31.3    2.4%    1254.1    48    26.13
 390     193.8       61.7     132.1     26.8   20.3%     105.3     4    26.33
 391      88.3       62.3      26.0      0.0    0.0%       0.0     0     0.00
 392    4080.6       64.5    4016.1     41.1    1.0%    3974.9   151    26.32
 393    1408.1       86.1    1322.0     31.7    2.4%    1290.3    49    26.33
 394    2475.4       62.7    2412.8     36.5    1.5%    2376.2    90    26.40
 395    1256.7       59.9    1196.7     32.3    2.7%    1164.4    44    26.46
 396    3780.0       60.3    3719.7     39.1    1.1%    3680.5   140    26.29
 397    1014.4       81.3     933.1     31.0    3.3%     902.1    34    26.53
 398     701.0       60.2     640.8     28.8    4.5%     612.0    23    26.61
 399     302.4       58.4     244.0     27.2   11.1%     216.8     8    27.10
 400    2703.8       74.9    2628.9     35.3    1.3%    2593.6    99    26.20
 401     650.9       74.0     576.9     27.7    4.8%     549.2    21    26.15
 402     372.0       56.5     315.5     28.1    8.9%     287.3    11    26.12
 403    1637.8       80.9    1556.8     33.3    2.1%    1523.5    59    25.82
 404     519.6       73.1     446.5     29.4    6.6%     417.1    16    26.07
 405    3329.1       74.7    3254.4     37.0    1.1%    3217.4   125    25.74
 406     274.4       65.7     208.7     26.5   12.7%     182.2     7    26.03
 407     282.0       72.6     209.4     27.0   12.9%     182.4     7    26.06
 408     107.4       55.0      52.4     26.0   49.6%      26.4     1    26.39
 409     254.2       71.9     182.3     26.2   14.4%     156.2     6    26.02
 410     739.9       62.8     677.1     27.2    4.0%     649.9    25    26.00
 411    5939.1       59.8    5879.3     21.0    0.4%    5858.4   225    26.04
 412    2297.5       77.2    2220.3     32.8    1.5%    2187.6    84    26.04
 413    1707.4       58.4    1649.0     31.5    1.9%    1617.5    62    26.09
 414    2257.0       79.6    2177.4     34.5    1.6%    2143.0    82    26.13
 415     320.6       57.0     263.6     27.1   10.3%     236.5     9    26.27
 416    4174.9       56.7    4118.2     38.3    0.9%    4079.9   157    25.99
 417     360.1       71.3     288.8     27.2    9.4%     261.6    10    26.16
 418     302.1       65.6     236.5     27.1   11.4%     209.4     8    26.18
 419     299.6       63.3     236.3     26.8   11.4%     209.5     8    26.18
 420     313.7       78.0     235.6     26.7   11.3%     209.0     8    26.12
 421    2236.1       45.0    2191.1     11.7    0.5%    2179.4    84    25.95
 422     686.7       55.4     631.3     29.6    4.7%     601.7    23    26.16
 423    3711.4       62.4    3649.0     42.3    1.2%    3606.7   138    26.14
 424     392.4       75.8     316.6     27.9    8.8%     288.7    11    26.25
 425     478.4       58.8     419.6     26.9    6.4%     392.7    15    26.18
 426     634.2       58.6     575.6     27.7    4.8%     548.0    21    26.09
 427    6113.5       82.1    6031.4     47.0    0.8%    5984.4   229    26.13
 428     422.7       82.6     340.2     26.9    7.9%     313.2    12    26.10
 429    6751.5       57.8    6693.7     48.9    0.7%    6644.8   255    26.06
 430    2920.7       82.2    2838.5     35.5    1.2%    2803.1   107    26.20
 431     289.0       78.6     210.4     26.4   12.5%     184.0     7    26.29
 432     639.5       58.5     580.9     28.6    4.9%     552.3    21    26.30
 433    1940.6       74.8    1865.8     31.4    1.7%    1834.4    70    26.21
 434     525.7      104.3     421.4     27.4    6.5%     393.9    15    26.26
 435     663.2       84.1     579.0     27.7    4.8%     551.4    21    26.26
 436     219.8       62.0     157.8     26.8   17.0%     131.1     5    26.21
 437     125.9       72.8      53.1     26.6   50.0%      26.5     1    26.52
 438     705.8       75.3     630.4     28.7    4.5%     601.8    23    26.16
 439     524.4       78.5     445.9     27.5    6.2%     418.4    16    26.15
 440     248.7       69.8     178.9     26.2   14.7%     152.7     6    25.45
 441     349.0       38.3     310.7      2.4    0.8%     308.2    12    25.69
 442     451.7       66.3     385.4     26.5    6.9%     358.9    14    25.64
 443     216.3       37.4     178.9      1.5    0.8%     177.4     7    25.35
 444     241.7       37.8     204.0      1.4    0.7%     202.6     8    25.32
 445     317.7       38.0     279.7      1.4    0.5%     278.3    11    25.30
 446     241.9       38.1     203.8      1.3    0.6%     202.5     8    25.31
 447    1438.3       40.7    1397.6      4.5    0.3%    1393.1    55    25.33
 448     174.8       70.6     104.2     26.0   25.0%      78.2     3    26.06
 449     216.3       37.4     178.9      1.5    0.8%     177.4     7    25.34
 450     239.9       36.2     203.7      1.2    0.6%     202.5     8    25.31
 451    3169.1       39.1    3129.9     10.5    0.3%    3119.5   120    26.00
 452    2759.0      164.2    2594.8     33.2    1.3%    2561.6    98    26.14
 453     179.5       74.8     104.7     25.9   24.7%      78.8     3    26.27
 454      87.9       62.0      25.9      0.0    0.0%       0.0     0     0.00
 455    1908.9       73.4    1835.5     30.5    1.7%    1805.0    69    26.16
 456     291.7       81.4     210.3     27.0   12.8%     183.3     7    26.19
 457     472.9       37.3     435.5      2.6    0.6%     433.0    17    25.47
 458     181.3       77.3     104.0     26.1   25.1%      77.9     3    25.98
 459      63.8       37.4      26.5      0.9    3.3%      25.6     1    25.60
 460    4601.1       39.7    4561.4     21.0    0.5%    4540.4   173    26.25
 461    4617.6       79.9    4537.7     45.0    1.0%    4492.7   171    26.27
 462    4098.1       60.9    4037.2     43.8    1.1%    3993.4   152    26.27
 463     179.3       74.5     104.8     26.5   25.3%      78.3     3    26.09
 464     930.7       60.3     870.4     30.5    3.5%     839.9    32    26.25
 465    4766.2       58.4    4707.7     46.3    1.0%    4661.4   177    26.34
 466    2939.9       59.9    2880.0     39.3    1.4%    2840.7   108    26.30
 467     325.0       60.4     264.6     27.8   10.5%     236.8     9    26.31
 468    3519.4       77.6    3441.8     40.5    1.2%    3401.2   129    26.37
 469     268.3       57.3     211.1     27.0   12.8%     184.1     7    26.29
 470    6803.9       64.6    6739.3     50.6    0.8%    6688.7   255    26.23
 471     353.1       61.5     291.7     27.6    9.5%     264.1    10    26.41
 472     105.0       79.3      25.7      0.0    0.0%       0.0     0     0.00
 473    4997.8       70.7    4927.1     42.5    0.9%    4884.7   186    26.26
 474     666.2       78.6     587.6     28.8    4.9%     558.8    21    26.61
 475     480.0       79.7     400.3     27.6    6.9%     372.7    14    26.62
 476     409.4       64.7     344.6     28.2    8.2%     316.4    12    26.37
 477    1845.4      106.0    1739.3     31.8    1.8%    1707.6    65    26.27
 478    1690.7       58.4    1632.3     30.7    1.9%    1601.6    61    26.26
 479     513.7       64.9     448.9     27.5    6.1%     421.4    16    26.34
 480    1025.1       81.2     943.8     28.4    3.0%     915.4    35    26.16
 481     402.4       63.1     339.3     26.5    7.8%     312.8    12    26.07
 482      86.9       61.5      25.4      0.0    0.0%       0.0     0     0.00
 483     622.8       39.1     583.7      2.0    0.3%     581.7    23    25.29
 484     368.0       37.6     330.4      1.6    0.5%     328.8    13    25.29
 485     115.6       38.4      77.2      1.0    1.3%      76.2     3    25.39
 486    2285.3       44.1    2241.2      9.9    0.4%    2231.3    86    25.95
 487     319.2       57.0     262.2     28.3   10.8%     234.0     9    26.00
 488     542.9       72.7     470.2     27.5    5.8%     442.7    17    26.04
 489    6634.9       68.7    6566.2     45.7    0.7%    6520.5   250    26.08
 490    6782.1       78.9    6703.2     47.0    0.7%    6656.1   255    26.10
 491      94.5       68.5      25.9      0.0    0.0%       0.0     0     0.00
 492     401.4       61.1     340.3     27.1    8.0%     313.2    12    26.10
 493     321.9       60.3     261.6     26.6   10.2%     235.0     9    26.11
 494     447.0       79.8     367.2     27.2    7.4%     340.0    13    26.16
 495    4879.8       71.0    4808.8     44.8    0.9%    4763.9   182    26.18
 496     223.3       63.8     159.5     27.7   17.4%     131.8     5    26.36
 497     255.5       70.8     184.6     26.9   14.6%     157.7     6    26.29
 498     275.2       65.3     210.0     26.7   12.7%     183.3     7    26.18
 499     532.4       59.5     472.8     27.9    5.9%     444.9    17    26.17
 500     268.1       58.2     210.0     26.8   12.7%     183.2     7    26.17
 501     731.6       75.5     656.1     28.7    4.4%     627.4    24    26.14
 502    4531.7       64.4    4467.3     45.3    1.0%    4422.0   169    26.17
 503    1531.8       81.1    1450.7     33.0    2.3%    1417.6    54    26.25
 504    6799.9       81.2    6718.7     52.4    0.8%    6666.3   255    26.14
 505     556.0      132.3     423.7     28.1    6.6%     395.6    15    26.37
 506    1124.6       71.4    1053.2     30.9    2.9%    1022.4    39    26.21
 507     234.5       75.6     158.9     27.1   17.1%     131.8     5    26.35
 508     296.1       59.2     237.0     27.3   11.5%     209.7     8    26.21
 509     185.6       80.4     105.2     26.6   25.3%      78.6     3    26.20
 510    1473.7       79.3    1394.4     33.9    2.4%    1360.5    52    26.16
 511     134.2       81.2      53.0     26.6   50.2%      26.4     1    26.41
 512     164.3       58.9     105.4     26.7   25.4%      78.7     3    26.24
 513     507.8       57.9     449.9     29.2    6.5%     420.7    16    26.30
 514     101.2       75.2      26.1      0.0    0.0%       0.0     0     0.00
 515    4648.2       73.9    4574.3     39.7    0.9%    4534.6   174    26.06
 516     280.6       69.3     211.3     27.1   12.8%     184.2     7    26.31
 517     323.8       61.5     262.4     26.9   10.3%     235.4     9    26.16
 518    1035.1       64.8     970.3     29.1    3.0%     941.3    36    26.15
 519     912.3       72.8     839.5     28.9    3.4%     810.5    31    26.15
 520    1388.3       82.0    1306.3     29.1    2.2%    1277.2    49    26.07
 521    4000.9       39.8    3961.1     11.9    0.3%    3949.2   153    25.81
 522     268.2       86.0     182.2     26.1   14.3%     156.1     6    26.02
 523    1387.2       80.0    1307.1     29.7    2.3%    1277.4    49    26.07
 524    1751.1       76.8    1674.3     30.4    1.8%    1643.9    63    26.09
 525    1590.7       74.9    1515.8     29.6    2.0%    1486.2    57    26.07
 526     268.0       37.5     230.5      2.7    1.2%     227.8     9    25.31
 527     809.2       61.7     747.5     28.8    3.9%     718.7    28    25.67
 528     330.9       71.3     259.6     26.2   10.1%     233.3     9    25.93
 529    3002.7       76.8    2926.0     37.1    1.3%    2888.9   111    26.03
 530     238.5       56.8     181.7     26.0   14.3%     155.7     6    25.94
 531    4581.6       68.7    4512.8     40.2    0.9%    4472.6   171    26.16
 532    4370.1       67.0    4303.1     39.7    0.9%    4263.4   163    26.16
 533    6301.7       81.4    6220.3     46.6    0.7%    6173.7   236    26.16
 534     144.5       65.2      79.2     26.5   33.5%      52.7     2    26.34
 535     277.4       67.2     210.3     26.8   12.7%     183.5     7    26.21
 536    6795.5       75.0    6720.4     48.5    0.7%    6671.9   255    26.16
 537     425.4       82.9     342.5     27.3    8.0%     315.2    12    26.27
 538     264.5       79.9     184.7     26.8   14.5%     157.8     6    26.31
 539     329.9       65.6     264.3     27.1   10.3%     237.2     9    26.36
 540    1817.0       57.9    1759.1     32.2    1.8%    1726.9    66    26.16
 541     427.2       59.9     367.3     27.3    7.4%     340.1    13    26.16
 542     216.0       58.1     157.9     26.8   17.0%     131.0     5    26.21
 543    6568.2       71.3    6496.9     47.0    0.7%    6449.9   248    26.01
 544     152.0       72.7      79.3     26.6   33.6%      52.7     2    26.35
 545     178.3       73.0     105.4     26.7   25.3%      78.7     3    26.23
 546    1255.6       73.5    1182.1     30.4    2.6%    1151.7    44    26.17
 547    2276.6      103.8    2172.9     32.5    1.5%    2140.4    82    26.10
 548     650.0       74.2     575.9     27.4    4.8%     548.4    21    26.12
 549     782.0       75.9     706.2     27.8    3.9%     678.3    26    26.09
 550     332.3       71.7     260.6     26.1   10.0%     234.5     9    26.05
 551     735.7       57.6     678.1     27.2    4.0%     650.9    25    26.04
 552     907.7       58.8     848.9     27.5    3.2%     821.4    32    25.67
 553     139.5       62.7      76.8     25.9   33.8%      50.9     2    25.43
 554     241.9       38.2     203.7      1.2    0.6%     202.5     8    25.31
 555     396.3       61.0     335.2      2.2    0.7%     333.0    13    25.62
 556     318.9       60.7     258.2     26.2   10.1%     232.0     9    25.78
 557      63.3       36.8      26.5      0.9    3.4%      25.6     1    25.60
 558     574.0       36.6     537.3      4.1    0.8%     533.2    21    25.39
 559     727.1       77.4     649.7     27.8    4.3%     621.9    24    25.91
 560    1105.7       73.6    1032.1     29.1    2.8%    1003.0    39    25.72
 561     621.7       54.2     567.5     27.5    4.8%     540.0    21    25.71
 562     265.3       57.7     207.6     26.1   12.6%     181.5     7    25.93
 563      62.3       35.8      26.5      0.9    3.4%      25.6     1    25.60
 564     243.6       64.9     178.7      1.2    0.7%     177.5     7    25.36
 565      64.1       37.6      26.5      0.9    3.3%      25.6     1    25.61
 566      37.9       37.5       0.4      0.0    0.0%       0.0     0     0.00
 567     698.5       37.7     660.8      2.9    0.4%     657.9    26    25.30
 568      99.8       74.5      25.2      0.0    0.0%       0.0     0     0.00
 569     237.2       54.7     182.5      1.9    1.1%     180.6     7    25.80
 570     278.1       71.0     207.0     26.1   12.6%     180.9     7    25.84
 571     789.3      176.0     613.3      2.2    0.4%     611.2    24    25.47
 572     217.4       38.6     178.7      1.4    0.8%     177.4     7    25.34
 573     165.5       37.5     128.1      1.3    1.0%     126.8     5    25.36
 574     441.9       35.7     406.3      1.6    0.4%     404.6    16    25.29
 575     265.5       36.4     229.2      1.3    0.6%     227.8     9    25.31
 576     657.9       36.8     621.0      3.6    0.6%     617.4    24    25.73
 577     257.1       74.0     183.1     26.6   14.5%     156.5     6    26.08
 578     347.8       61.3     286.5     26.9    9.4%     259.6    10    25.96
 579    6713.3       38.2    6675.2     26.5    0.4%    6648.6   255    26.07
 580     687.7       61.9     625.8     27.0    4.3%     598.8    23    26.04
 581     778.4       74.1     704.2     27.7    3.9%     676.6    26    26.02
 582     590.3       69.1     521.3     27.5    5.3%     493.8    19    25.99
 583    2996.5       62.7    2933.8     36.9    1.3%    2896.9   111    26.10
 584     513.8       68.1     445.7     27.9    6.3%     417.8    16    26.11
 585     131.0       78.0      53.0     26.6   50.2%      26.4     1    26.40
 586     692.3       62.9     629.4     28.4    4.5%     601.0    23    26.13
 587     338.6       76.5     262.1     27.0   10.3%     235.1     9    26.12
 588    6171.0       70.9    6100.1     47.1    0.8%    6053.0   232    26.09
 589     364.0       75.3     288.7     27.0    9.4%     261.6    10    26.16
 590    1835.6       68.7    1766.9     33.7    1.9%    1733.2    66    26.26
 591     200.8       69.2     131.6     26.7   20.3%     104.8     4    26.21
 592    1890.1       72.0    1818.1     33.2    1.8%    1784.9    68    26.25
 593    1233.6       71.9    1161.8     30.4    2.6%    1131.4    43    26.31
 594     428.1       57.2     370.9     28.2    7.6%     342.7    13    26.36
 595     280.6       69.2     211.4     26.9   12.7%     184.5     7    26.36
 596     602.5       79.0     523.6     27.1    5.2%     496.5    19    26.13
 597     132.5       80.1      52.4     26.0   49.7%      26.4     1    26.36
 598    2309.6       60.7    2248.9     31.7    1.4%    2217.2    85    26.09
 599    4421.2       65.0    4356.2     37.4    0.9%    4318.7   166    26.02
 600     212.2       80.9     131.3     26.6   20.3%     104.7     4    26.16
 601     898.6       64.7     833.9     27.4    3.3%     806.5    31    26.02
 602     334.7       99.0     235.8     26.3   11.2%     209.5     8    26.18
 603    1691.5       83.0    1608.5     30.0    1.9%    1578.5    61    25.88
 604     162.3       57.5     104.8     26.7   25.5%      78.1     3    26.02
 605     626.2       57.9     568.3     28.4    5.0%     539.9    21    25.71
 606    1022.6       71.0     951.6     28.3    3.0%     923.2    36    25.64
 607     308.7       74.1     234.5     26.7   11.4%     207.8     8    25.97
 608    1104.9       56.9    1048.0      4.5    0.4%    1043.5    41    25.45
 609     309.9       74.7     235.3     27.0   11.5%     208.3     8    26.04
 610    1402.3       73.5    1328.7     30.5    2.3%    1298.2    51    25.46
 611     224.9       68.0     156.9     26.8   17.1%     130.1     5    26.02
 612      82.5       56.8      25.7      0.0    0.0%       0.0     0     0.00
 613     242.2       38.0     204.3      1.6    0.8%     202.7     8    25.34
 614    1132.8       41.4    1091.3      3.2    0.3%    1088.1    43    25.30
 615     215.9       36.6     179.3      1.6    0.9%     177.7     7    25.39
 616      38.7       38.3       0.5      0.0    0.0%       0.0     0     0.00
 617     243.3       37.7     205.6      2.9    1.4%     202.7     8    25.34
 618     270.6       66.6     204.0     26.1   12.8%     177.8     7    25.41
 619    1918.4       36.7    1881.7     10.4    0.6%    1871.3    73    25.63
 620     275.2       66.0     209.2     26.9   12.8%     182.3     7    26.05
 621     277.9       69.1     208.8     26.7   12.8%     182.1     7    26.01
 622     448.4       57.2     391.2     27.3    7.0%     364.0    14    26.00
 623     301.3       66.2     235.1     26.8   11.4%     208.2     8    26.03
 624    2333.9       62.5    2271.4     37.3    1.6%    2234.1    86    25.98
 625     889.7       56.6     833.1     29.0    3.5%     804.1    31    25.94
 626     698.0       73.8     624.2     27.5    4.4%     596.8    23    25.95
 627     220.9       64.3     156.6     26.7   17.1%     129.9     5    25.97
 628    6735.0       65.4    6669.6     50.5    0.8%    6619.1   255    25.96
 629    2422.2       60.1    2362.1     37.8    1.6%    2324.3    89    26.11
 630    2591.6       71.7    2519.9     37.7    1.5%    2482.2    95    26.13
 631     365.9       73.7     292.1     29.2   10.0%     263.0    10    26.30
 632     127.0       73.7      53.3     26.6   50.0%      26.7     1    26.67
 633     287.8       76.2     211.6     27.7   13.1%     183.9     7    26.27
 634     757.8       76.0     681.7     28.5    4.2%     653.2    25    26.13
 635     667.0       64.5     602.4     27.5    4.6%     574.9    22    26.13
 636    1901.4       67.0    1834.4     32.9    1.8%    1801.5    69    26.11
 637     234.8       76.3     158.5     26.9   17.0%     131.6     5    26.32
 638     820.3       59.0     761.2     28.9    3.8%     732.3    28    26.15
 639     289.1       78.9     210.2     26.9   12.8%     183.3     7    26.19
 640     831.2       73.2     758.0     28.0    3.7%     730.0    28    26.07
 641     371.1       57.9     313.2     26.5    8.5%     286.6    11    26.06
 642     103.0       77.7      25.3      0.0    0.0%       0.0     0     0.00
 643     281.8       73.0     208.9     26.3   12.6%     182.6     7    26.08
 644    1088.3       44.0    1044.3      6.7    0.6%    1037.6    40    25.94
 645     867.2       58.8     808.3     28.9    3.6%     779.4    30    25.98
 646     303.9       67.5     236.4     27.1   11.5%     209.3     8    26.16
 647     826.7       70.8     755.8     29.9    4.0%     725.9    28    25.92
 648     338.1       77.1     261.0     27.3   10.5%     233.7     9    25.97
 649    1637.7       73.7    1564.0     31.8    2.0%    1532.2    59    25.97
 650    5357.9       69.5    5288.3     43.9    0.8%    5244.5   201    26.09
 651     290.7       80.7     210.0     27.5   13.1%     182.6     7    26.08
 652    1806.1       79.6    1726.5     33.6    1.9%    1692.9    65    26.04
 653    6755.0       57.3    6697.7     46.1    0.7%    6651.6   255    26.09
 654     374.6       60.4     314.2     27.1    8.6%     287.1    11    26.10
 655     282.8       71.9     211.0     27.6   13.1%     183.3     7    26.19
 656     399.5       59.0     340.5     27.1    8.0%     313.4    12    26.12
 657     137.9       59.0      78.9     26.3   33.4%      52.5     2    26.26
 658    3889.4       68.2    3821.2     35.5    0.9%    3785.7   145    26.11
 659     169.1       63.8     105.4     26.7   25.3%      78.7     3    26.24
 660     278.4       68.1     210.4     27.0   12.8%     183.3     7    26.19
 661    3456.5       79.5    3377.0     36.7    1.1%    3340.4   128    26.10
 662     266.1       56.4     209.7     26.3   12.5%     183.4     7    26.20
 663    2242.8       75.9    2166.9     33.1    1.5%    2133.8    82    26.02
 664     141.5       62.5      79.0     26.6   33.6%      52.5     2    26.24
 665     682.5       80.3     602.1     27.8    4.6%     574.3    22    26.11
 666    1174.7       75.2    1099.5     29.5    2.7%    1070.0    41    26.10
 667    1172.5       58.9    1113.5     28.8    2.6%    1084.7    42    25.83
 668     628.6       40.1     588.6      2.9    0.5%     585.7    23    25.47
 669     220.7       65.2     155.5     25.7   16.5%     129.8     5    25.95
 670     215.9       37.4     178.5      1.2    0.7%     177.2     7    25.32
 671     580.9       37.1     543.8      2.7    0.5%     541.1    21    25.77
 672    1730.4       57.6    1672.8     31.3    1.9%    1641.4    64    25.65
 673     271.1       60.1     211.0     27.7   13.1%     183.3     7    26.18
 674     289.4       79.0     210.4     27.3   13.0%     183.1     7    26.16
 675     649.5       79.8     569.7     29.0    5.1%     540.6    21    25.74
 676    2178.7       77.0    2101.7     34.1    1.6%    2067.5    80    25.84
 677    1277.9       74.3    1203.6     31.0    2.6%    1172.6    45    26.06
 678     412.1       70.5     341.5     27.8    8.1%     313.7    12    26.14
 679     107.0       80.9      26.0      0.0    0.0%       0.0     0     0.00
 680     319.9       57.9     262.0     26.9   10.3%     235.0     9    26.12
 681     283.1       74.7     208.4     26.3   12.6%     182.1     7    26.02
 682     608.0       57.3     550.7      3.6    0.7%     547.1    21    26.05
 683    1805.2       93.3    1711.9     35.8    2.1%    1676.1    64    26.19
 684    4819.4       88.5    4730.9     47.7    1.0%    4683.2   179    26.16
 685      85.8       59.8      26.0      0.0    0.0%       0.0     0     0.00
 686    1070.9       64.9    1006.0     33.8    3.4%     972.2    37    26.27
 687    6796.0       64.2    6731.8     53.3    0.8%    6678.5   255    26.19
 688     401.0       81.7     319.3     28.7    9.0%     290.6    11    26.42
 689     116.1       60.7      55.4     28.6   51.6%      26.8     1    26.83
 690     471.9       76.2     395.7     27.4    6.9%     368.4    14    26.31
 691     174.7       68.4     106.3     27.4   25.8%      78.9     3    26.31
 692    1459.7      119.9    1339.7     30.0    2.2%    1309.7    50    26.20
 693     276.5       65.8     210.7     27.1   12.9%     183.6     7    26.23
 694     340.3       77.5     262.8     27.0   10.3%     235.8     9    26.20
 695    3999.2       57.0    3942.2     39.5    1.0%    3902.7   149    26.19
 696    2830.3       73.6    2756.7     33.8    1.2%    2722.8   104    26.18
 697    2599.2       74.4    2524.7     34.7    1.4%    2490.1    95    26.21
 698    1814.5       56.7    1757.8     32.8    1.9%    1725.0    66    26.14
 699     286.7       73.0     213.7     28.5   13.3%     185.2     7    26.46
 700     931.6       64.7     867.0     29.2    3.4%     837.7    32    26.18
 701     324.9       61.2     263.7     27.0   10.2%     236.7     9    26.30
 702     293.2       38.6     254.6      1.4    0.5%     253.2    10    25.32
 703     265.5       36.1     229.4      1.5    0.7%     227.9     9    25.32
 704     715.9       76.6     639.3      2.9    0.5%     636.4    25    25.46
 705     277.1       69.5     207.6     26.0   12.5%     181.6     7    25.94
 706     602.3       39.6     562.7      2.8    0.5%     560.0    22    25.45
 707    5333.1       78.1    5255.0     44.9    0.9%    5210.1   199    26.18
 708    1463.1      254.1    1209.0     30.2    2.5%    1178.8    45    26.20
 709      88.1       62.3      25.8      0.0    0.0%       0.0     0     0.00
 710    2263.2       59.3    2203.9     34.0    1.5%    2169.9    83    26.14
 711     737.2       80.4     656.8     27.9    4.2%     628.9    24    26.20
 712    3144.7       68.2    3076.5     36.6    1.2%    3039.9   116    26.21
 713    5099.2       80.7    5018.6     41.4    0.8%    4977.2   190    26.20
 714    2800.0       60.6    2739.3     35.2    1.3%    2704.1   103    26.25
 715     618.0       65.1     552.9     27.4    4.9%     525.5    20    26.28
 716    1310.9       70.8    1240.1     29.9    2.4%    1210.2    46    26.31
 717    4444.2       65.3    4378.9     39.5    0.9%    4339.4   166    26.14
 718    2623.4       80.0    2543.4     34.0    1.3%    2509.4    96    26.14
 719     644.6       68.0     576.6     27.7    4.8%     548.9    21    26.14
 720     238.4       79.6     158.9     27.5   17.3%     131.3     5    26.27
 721    5276.9       77.4    5199.5     43.1    0.8%    5156.4   200    25.78
 722     261.9       78.0     183.9     26.8   14.6%     157.1     6    26.18
 723     479.4       62.9     416.5     26.6    6.4%     389.9    15    25.99
 724     768.4       59.5     708.9     28.8    4.1%     680.1    26    26.16
 725     296.2       59.5     236.7     27.0   11.4%     209.7     8    26.21
 726     772.9       65.6     707.2     27.9    3.9%     679.3    26    26.13
 727     138.0      112.8      25.2      0.0    0.0%       0.0     0     0.00
 728     102.5       77.2      25.3      0.0    0.0%       0.0     0     0.00
 729     208.2       77.5     130.7     26.3   20.1%     104.5     4    26.12
 730     370.0       57.1     313.0      2.7    0.9%     310.2    12    25.85
 731    4626.6       66.1    4560.5     45.5    1.0%    4515.0   173    26.10
 732     152.6       74.6      78.1     25.9   33.2%      52.2     2    26.09
 733     272.4       62.7     209.7     27.2   13.0%     182.5     7    26.07
 734    4416.9       74.1    4342.8     45.9    1.1%    4297.0   164    26.20
 735    6800.8       57.9    6743.0     51.8    0.8%    6691.2   255    26.24
 736     644.1       68.4     575.6     27.7    4.8%     547.9    21    26.09
 737     414.7       98.4     316.2     27.2    8.6%     289.0    11    26.28
 738    4448.6       86.2    4362.3     45.2    1.0%    4317.1   164    26.32
 739     638.8       58.5     580.4     28.0    4.8%     552.4    21    26.30
 740    3131.9       63.7    3068.1     40.2    1.3%    3027.9   115    26.33
 741     289.7       76.3     213.4     28.1   13.2%     185.3     7    26.47
 742     323.6       84.3     239.3     28.0   11.7%     211.2     8    26.41
 743     280.5       95.4     185.1     26.9   14.5%     158.2     6    26.37
 744    2786.8       64.1    2722.7     37.0    1.4%    2685.7   102    26.33
 745     279.4       65.5     213.9     29.2   13.6%     184.7     7    26.38
 746    6793.5       63.8    6729.7     51.3    0.8%    6678.5   255    26.19
 747     286.3       74.7     211.6     27.2   12.8%     184.4     7    26.34
 748    1997.1       74.4    1922.7     32.6    1.7%    1890.1    72    26.25
 749     648.8       69.4     579.4     27.9    4.8%     551.5    21    26.26
 750     100.2       74.3      25.9      0.0    0.0%       0.0     0     0.00
 751     207.6       77.6     130.0     25.8   19.8%     104.2     4    26.06
 752    1163.8       58.4    1105.5     31.6    2.9%    1073.9    41    26.19
 753    6782.1       74.2    6707.9     49.5    0.7%    6658.4   255    26.11
 754    4581.3       60.3    4521.0     42.9    0.9%    4478.1   171    26.19
 755     284.0       72.6     211.4     27.0   12.8%     184.4     7    26.34
 756     654.6       76.6     578.0     28.0    4.8%     550.0    21    26.19
 757    4818.4       72.8    4745.6     40.6    0.9%    4705.1   180    26.14
 758     821.0       81.1     740.0     30.1    4.1%     709.9    27    26.29
 759     198.3       65.2     133.1     27.1   20.3%     106.1     4    26.51
 760     168.5       62.3     106.3     27.0   25.4%      79.3     3    26.42
 761     270.8       60.4     210.4     27.0   12.8%     183.4     7    26.20
 762     288.8       78.5     210.4     27.0   12.8%     183.4     7    26.20
 763     103.9       78.9      25.0      0.0    0.0%       0.0     0     0.00
 764     216.2       37.3     178.9      1.5    0.8%     177.4     7    25.34
 765    3862.6       57.0    3805.6     15.3    0.4%    3790.3   147    25.78
 766     377.8       65.2     312.6     26.5    8.5%     286.1    11    26.01
 767     202.9       72.3     130.6     26.1   20.0%     104.5     4    26.12
 768    3892.7       61.3    3831.4     42.8    1.1%    3788.6   145    26.13
 769    1850.7       58.1    1792.6     37.7    2.1%    1754.9    67    26.19
 770     149.2       69.4      79.9     27.1   33.9%      52.8     2    26.39
 771     460.6       64.7     395.9     28.4    7.2%     367.5    14    26.25
 772    6765.4       69.6    6695.7     54.9    0.8%    6640.8   255    26.04
 773     178.0       72.0     106.0     26.7   25.2%      79.3     3    26.43
 774     468.2       72.9     395.3     28.2    7.1%     367.1    14    26.22
 775     361.7       72.3     289.4     27.2    9.4%     262.2    10    26.22
 776      90.8       64.8      25.9      0.0    0.0%       0.0     0     0.00
 777    1722.0       70.7    1651.4     32.1    1.9%    1619.2    62    26.12
 778     484.0       64.5     419.5     27.3    6.5%     392.2    15    26.15
 779     220.3       62.6     157.7     26.9   17.1%     130.8     5    26.16
 780     768.1       58.4     709.7     30.4    4.3%     679.3    26    26.13
 781     273.9       64.2     209.7     26.8   12.8%     182.9     7    26.13
 782     215.7       58.2     157.5     26.7   16.9%     130.8     5    26.16
 783     646.2       71.4     574.8     27.6    4.8%     547.2    21    26.06
 784      83.5       58.1      25.3      0.0    0.0%       0.0     0     0.00
 785     173.5       69.1     104.4     26.0   24.9%      78.4     3    26.14
 786     709.0      158.4     550.6     26.9    4.9%     523.7    20    26.19
 787    5653.7       78.4    5575.2     42.3    0.8%    5533.0   212    26.10
 788     209.0       77.4     131.5     26.7   20.3%     104.9     4    26.22
 789    6365.4       64.5    6300.9     44.2    0.7%    6256.7   241    25.96
 790     131.0       76.5      54.5     28.1   51.5%      26.5     1    26.46
 791     645.6       69.7     575.9     27.2    4.7%     548.7    21    26.13
 792     215.7       57.9     157.8     26.7   17.0%     131.0     5    26.20
 793    2089.3       71.8    2017.5     31.1    1.5%    1986.4    76    26.14
 794     216.2       58.2     158.0     26.9   17.0%     131.1     5    26.22
 795     641.4       67.5     573.9     27.0    4.7%     546.9    21    26.04
 796     217.4       38.6     178.8      1.4    0.8%     177.4     7    25.34
 797      38.1       37.7       0.5      0.0    0.0%       0.0     0     0.00
 798    6570.1       40.2    6529.9     20.5    0.3%    6509.4   255    25.53
 799     136.3       57.9      78.3     26.0   33.2%      52.3     2    26.16
 800     302.2       65.7     236.5     27.3   11.5%     209.2     8    26.15
 801     308.6       72.9     235.7     26.9   11.4%     208.8     8    26.10
 802     325.7       65.1     260.6     26.5   10.2%     234.1     9    26.02
 803     441.3       76.0     365.3     26.6    7.3%     338.6    13    26.05
 804     163.0       58.4     104.6     26.1   25.0%      78.5     3    26.15
 805     452.0       61.1     390.8     26.6    6.8%     364.2    14    26.01
 806      38.2       37.6       0.5      0.0    0.0%       0.0     0     0.00
 807      38.9       38.1       0.7      0.0    0.0%       0.0     0     0.00
 808     215.7       36.7     179.0      1.5    0.9%     177.5     7    25.36
 809      64.7       37.8      26.9      1.1    4.2%      25.8     1    25.78
 810     240.6       36.5     204.1      1.4    0.7%     202.7     8    25.33
 811     270.7       41.2     229.5      1.5    0.6%     228.0     9    25.34
 812     469.0       36.9     432.1      1.9    0.4%     430.2    17    25.30
 813    4840.7       40.2    4800.5     24.4    0.5%    4776.1   183    26.10
 814     122.2       70.0      52.3     25.9   49.6%      26.3     1    26.32
 815     369.1       81.4     287.7     27.1    9.4%     260.7    10    26.07
 816    1204.9       80.2    1124.7     30.3    2.7%    1094.4    42    26.06
 817    6823.0       72.7    6750.3     55.7    0.8%    6694.5   255    26.25
 818    3137.4       78.1    3059.3     42.5    1.4%    3016.8   115    26.23
 819    1736.8       68.5    1668.3     36.8    2.2%    1631.5    62    26.32
 820     257.1       72.4     184.7     26.9   14.6%     157.8     6    26.30
 821    3062.3       71.1    2991.1     42.4    1.4%    2948.7   112    26.33
 822     188.9       79.5     109.5     29.6   27.0%      79.9     3    26.64
 823    4680.6       83.5    4597.1     46.9    1.0%    4550.2   173    26.30
 824     907.4       83.6     823.8     32.2    3.9%     791.6    30    26.39
 825     113.4       59.8      53.6     26.9   50.2%      26.7     1    26.68
 826      90.9       65.4      25.5      0.0    0.0%       0.0     0     0.00
 827     221.9       62.8     159.1     27.1   17.0%     132.0     5    26.39
 828    2765.9       69.5    2696.3     38.2    1.4%    2658.1   101    26.32
 829    4102.3       70.5    4031.8     41.3    1.0%    3990.6   152    26.25
 830     307.3       67.5     239.8     28.2   11.8%     211.5     8    26.44
 831     320.0       80.9     239.1     28.0   11.7%     211.2     8    26.39
 832    1736.0       70.7    1665.3     32.4    1.9%    1632.9    62    26.34
 833    1888.0       69.1    1818.8     32.9    1.8%    1785.9    68    26.26
 834     162.3       82.4      79.9     26.9   33.6%      53.0     2    26.52
 835     306.5       68.2     238.3     27.3   11.5%     211.0     8    26.37
 836     682.9      103.7     579.2     28.5    4.9%     550.7    21    26.22
 837    2692.4       91.2    2601.3     34.8    1.3%    2566.4    99    25.92
 838     441.6       74.1     367.5     27.3    7.4%     340.2    13    26.17
 839     382.2       70.5     311.6     26.4    8.5%     285.3    11    25.93
 840     850.7       68.1     782.7     28.1    3.6%     754.6    29    26.02
 841     242.0       58.5     183.5     26.7   14.6%     156.8     6    26.13
 842     216.1       37.2     178.8      1.4    0.8%     177.4     7    25.34
 843     114.6       37.1      77.5      1.2    1.5%      76.3     3    25.44
 844    1882.1       38.9    1843.2      6.7    0.4%    1836.5    72    25.51
 845     273.6       65.7     207.8     26.2   12.6%     181.7     7    25.95
 846     643.0       72.5     570.5     28.5    5.0%     542.0    21    25.81
 847     461.1       54.5     406.5     26.5    6.5%     380.1    15    25.34
 848    2035.7       68.9    1966.8     30.6    1.6%    1936.2    76    25.48
 849    1075.2       67.2    1008.0     28.7    2.8%     979.3    38    25.77
 850     376.5       66.8     309.6     26.3    8.5%     283.3    11    25.76
 851     850.1       37.8     812.3      2.5    0.3%     809.8    32    25.30
 852    3979.0       44.6    3934.4     11.1    0.3%    3923.3   154    25.48
 853    1065.6       69.4     996.2     30.2    3.0%     966.0    37    26.11
 854    1619.6       76.9    1542.7     32.6    2.1%    1510.1    58    26.04
 855     647.6       71.3     576.3     27.7    4.8%     548.6    21    26.12
 856    2301.6       64.3    2237.3     34.2    1.5%    2203.2    85    25.92
 857     111.2       58.2      53.0     26.5   50.0%      26.5     1    26.49
 858    1570.2       80.2    1490.0     30.4    2.0%    1459.6    56    26.06
 859    1054.4       59.5     994.9     29.3    2.9%     965.6    37    26.10
 860    5185.9       64.1    5121.8     46.9    0.9%    5074.9   195    26.02
 861     450.4       59.9     390.6     26.8    6.9%     363.7    14    25.98
 862    3790.7       63.6    3727.1     41.4    1.1%    3685.7   141    26.14
 863     303.4       66.2     237.2     27.8   11.7%     209.4     8    26.18
 864     204.5       73.4     131.1     26.5   20.2%     104.6     4    26.16
 865    2718.5       60.1    2658.4     38.3    1.4%    2620.1   100    26.20
 866      94.7       68.7      26.0      0.0    0.0%       0.0     0     0.00
 867     120.9       94.9      26.0      0.0    0.0%       0.0     0     0.00
 868    3279.7       76.9    3202.8     37.9    1.2%    3164.9   121    26.16
 869    1540.5       65.1    1475.3     32.7    2.2%    1442.7    55    26.23
 870     594.5       63.7     530.8     29.7    5.6%     501.1    19    26.37
 871     239.6       80.7     159.0     27.1   17.0%     131.9     5    26.38
 872     139.2       59.2      80.0     27.0   33.7%      53.0     2    26.52
 873    3403.3       97.9    3305.4     36.4    1.1%    3269.0   127    25.74
 874     641.0       64.2     576.8     27.6    4.8%     549.2    21    26.15
 875     203.8       73.2     130.6     26.2   20.0%     104.5     4    26.11
 876     223.5       66.9     156.7     26.2   16.7%     130.5     5    26.10
 877     286.8       55.6     231.2     26.4   11.4%     204.8     8    25.60
 878      37.7       37.3       0.5      0.0    0.0%       0.0     0     0.00
 879    3625.6       38.4    3587.2     13.3    0.4%    3573.9   138    25.90
 880     834.6       55.9     778.7     27.3    3.5%     751.4    29    25.91
 881    5825.0       57.8    5767.1     46.2    0.8%    5721.0   219    26.12
 882    6781.5       60.2    6721.3     48.9    0.7%    6672.4   255    26.17
 883     638.1       60.0     578.1     28.5    4.9%     549.6    21    26.17
 884    1274.6       63.6    1211.0     32.4    2.7%    1178.6    45    26.19
 885     645.0       64.7     580.3     29.3    5.1%     551.0    21    26.24
 886     465.2       69.0     396.3     28.2    7.1%     368.1    14    26.29
 887     189.3       57.3     132.0     27.0   20.4%     105.1     4    26.27
 888     351.6       62.8     288.8     27.2    9.4%     261.7    10    26.17
 889     799.9       56.8     743.1     28.3    3.8%     714.8    27    26.47
 890    3450.7       71.8    3378.9     36.0    1.1%    3342.8   128    26.12
 891    4599.4       61.0    4538.5     39.8    0.9%    4498.6   173    26.00
 892     160.6       81.3      79.4     26.7   33.7%      52.7     2    26.33
 893     250.9       66.7     184.2     27.0   14.6%     157.2     6    26.20
 894     278.7       69.8     208.9     26.3   12.6%     182.6     7    26.08
 895     484.4       65.2     419.2     27.6    6.6%     391.5    15    26.10
 896     281.4       71.6     209.8     26.9   12.8%     182.9     7    26.13
 897    4201.2       61.3    4139.9     12.1    0.3%    4127.8   162    25.48
 898     261.0       78.5     182.4     26.3   14.4%     156.2     6    26.03
 899     178.2       73.8     104.4     26.1   25.0%      78.3     3    26.09
 900     656.1      185.6     470.4     26.9    5.7%     443.5    17    26.09
 901    1998.8       54.7    1944.1      5.9    0.3%    1938.3    76    25.50
 902    6787.3       80.1    6707.2     54.9    0.8%    6652.3   255    26.09
 903    1147.2       72.9    1074.2     29.5    2.7%    1044.7    40    26.12
 904    1721.8      351.3    1370.5     31.6    2.3%    1339.0    51    26.25
 905     408.9       66.7     342.2     27.0    7.9%     315.2    12    26.26
 906     797.5       60.0     737.5     28.9    3.9%     708.6    27    26.25
 907     643.4       65.4     578.0     27.9    4.8%     550.1    21    26.20
 908     392.7       79.6     313.1     26.5    8.5%     286.6    11    26.06
 909     406.1       64.5     341.6     28.1    8.2%     313.5    12    26.12
 910     278.8       68.8     210.0     26.9   12.8%     183.1     7    26.16
 911    6733.0       79.5    6653.6     49.6    0.7%    6604.0   255    25.90
 912     650.6       69.9     580.7     30.2    5.2%     550.5    21    26.21
 913     295.9       59.6     236.3     27.1   11.4%     209.3     8    26.16
 914    1085.1       82.6    1002.5     31.4    3.1%     971.1    37    26.25
 915    2469.3      102.1    2367.1     34.6    1.5%    2332.6    89    26.21
 916     273.6       60.8     212.8     28.0   13.2%     184.8     7    26.39
 917     280.8       69.2     211.6     27.2   12.9%     184.4     7    26.34
 918     170.3       64.8     105.5     26.8   25.4%      78.8     3    26.25
 919     436.0       66.2     369.8     28.2    7.6%     341.7    13    26.28
 920     660.0       81.7     578.3     27.7    4.8%     550.5    21    26.22
 921    6758.9       62.4    6696.5     49.1    0.7%    6647.3   255    26.07
 922     383.6       68.6     314.9     27.1    8.6%     287.9    11    26.17
 923    1072.3       76.8     995.5     29.2    2.9%     966.4    37    26.12
 924     321.3       59.6     261.7     27.0   10.3%     234.7     9    26.07
 925    4566.9       67.0    4499.9     39.2    0.9%    4460.7   171    26.09
 926     173.6       68.5     105.1     26.5   25.3%      78.6     3    26.19
 927     101.2       75.3      25.9      0.0    0.0%       0.0     0     0.00
 928    2154.2       57.1    2097.1     32.0    1.5%    2065.2    79    26.14
 929     162.7       57.3     105.4     26.7   25.4%      78.7     3    26.23
 930     270.6       60.8     209.9     26.7   12.7%     183.2     7    26.17
 931    1890.0       61.2    1828.7     32.5    1.8%    1796.3    69    26.03
 932     192.6       60.7     131.9     26.6   20.2%     105.2     4    26.31
 933    2320.8       65.7    2255.1     35.5    1.6%    2219.7    86    25.81
 934     207.4       76.0     131.4     26.8   20.4%     104.6     4    26.15
 935     107.7       55.6      52.2     25.9   49.6%      26.3     1    26.28
 936     631.9       54.3     577.5     29.8    5.2%     547.7    21    26.08
 937     173.2       68.3     104.9     26.4   25.1%      78.5     3    26.18
 938    3947.2       80.0    3867.2     39.3    1.0%    3827.9   147    26.04
 939    3356.0       67.8    3288.3     35.0    1.1%    3253.3   125    26.03
 940     371.1       81.9     289.2     27.7    9.6%     261.5    10    26.15
 941     586.1       62.8     523.3     27.4    5.2%     495.9    19    26.10
 942    1728.4       74.7    1653.7     31.9    1.9%    1621.9    62    26.16
 943    4339.5       65.2    4274.3     39.6    0.9%    4234.7   162    26.14
 944    6913.7      205.1    6708.6     44.4    0.7%    6664.2   255    26.13
 945     938.5       72.6     866.0     28.3    3.3%     837.7    32    26.18
 946     139.2       59.8      79.4     26.7   33.6%      52.8     2    26.39
 947    6767.5       80.2    6687.3     49.8    0.7%    6637.5   255    26.03
 948     172.8       67.0     105.8     26.8   25.3%      79.0     3    26.32
 949     276.7       65.9     210.7     27.0   12.8%     183.7     7    26.24
 950     360.9       71.4     289.5     27.1    9.3%     262.5    10    26.25
 951     198.1       66.6     131.4     26.4   20.1%     105.0     4    26.26
 952     562.1       64.5     497.7     28.0    5.6%     469.6    18    26.09
 953     812.5       79.8     732.6     28.7    3.9%     704.0    27    26.07
 954     175.9       96.7      79.2     26.6   33.6%      52.6     2    26.30
 955      86.0       60.6      25.3      0.0    0.0%       0.0     0     0.00
 956     679.6       75.9     603.8     28.5    4.7%     575.2    22    26.15
 957     918.4       77.7     840.7     29.6    3.5%     811.1    31    26.16
 958     283.2       73.0     210.2     26.9   12.8%     183.2     7    26.18
 959     638.0       61.8     576.2     27.6    4.8%     548.6    21    26.12
 960    6731.9       80.4    6651.5     50.4    0.8%    6601.1   255    25.89
 961     174.6       70.7     103.9     25.9   24.9%      78.0     3    26.00
 962     271.5       63.2     208.3     26.2   12.6%     182.1     7    26.01
 963    1716.1       64.0    1652.1     32.9    2.0%    1619.2    62    26.12
 964     360.9       71.6     289.3     27.8    9.6%     261.4    10    26.14
 965     452.5       59.8     392.8     27.3    7.0%     365.4    14    26.10
 966      83.0       57.1      25.9      0.0    0.0%       0.0     0     0.00
 967     776.4       67.5     708.8     28.8    4.1%     680.1    26    26.16
 968    3993.4       81.6    3911.8     40.3    1.0%    3871.5   148    26.16
 969     997.5       80.3     917.2     28.4    3.1%     888.9    34    26.14
 970    1014.1       71.2     942.9     28.3    3.0%     914.6    35    26.13
 971    2478.7       80.9    2397.8     35.7    1.5%    2362.1    90    26.25
 972    2763.0      103.6    2659.3     36.1    1.4%    2623.2   100    26.23
 973    3118.7       68.3    3050.4     37.6    1.2%    3012.8   115    26.20
 974     286.8       74.0     212.8     27.9   13.1%     184.9     7    26.42
 975    1383.9       67.7    1316.2     31.2    2.4%    1285.0    49    26.23
 976    6030.3       68.3    5962.0     46.3    0.8%    5915.8   230    25.72
 977     275.8       64.3     211.5     27.1   12.8%     184.4     7    26.34
 978      96.2       70.3      25.9      0.0    0.0%       0.0     0     0.00
 979     357.5       70.1     287.4     26.6    9.2%     260.8    10    26.08
 980     843.0      187.2     655.8     28.7    4.4%     627.2    24    26.13
 981     217.1       58.9     158.2     26.9   17.0%     131.3     5    26.26
 982     275.4       66.6     208.8     26.3   12.6%     182.5     7    26.08
 983     296.8       60.8     236.0     27.2   11.5%     208.8     8    26.09
 984     176.3       71.3     105.0     26.7   25.4%      78.3     3    26.10
 985     214.5       35.7     178.8      1.4    0.8%     177.3     7    25.33
 986     221.6       43.0     178.6      1.3    0.7%     177.3     7    25.33
 987      84.5       57.5      27.0      1.2    4.4%      25.8     1    25.77
 988    5480.7       80.9    5399.8     38.9    0.7%    5360.8   208    25.77
 989    3045.0       61.6    2983.3     33.3    1.1%    2950.1   113    26.11
 990    5628.7       72.2    5556.6     42.8    0.8%    5513.7   211    26.13
 991    4302.4       81.3    4221.1     39.9    0.9%    4181.1   160    26.13
 992     418.9       77.2     341.7     27.7    8.1%     314.0    12    26.17
 993     368.3       79.6     288.7     27.1    9.4%     261.6    10    26.16
 994    6644.2       56.9    6587.4     43.1    0.7%    6544.3   255    25.66
 995      82.6       56.6      26.0      0.0    0.0%       0.0     0     0.00
 996     314.4       78.2     236.3     26.8   11.4%     209.4     8    26.18
 997     281.8       71.4     210.4     27.7   13.1%     182.8     7    26.11
 998      99.0       73.1      25.9      0.0    0.0%       0.0     0     0.00
 999     223.7       67.5     156.2     26.0   16.7%     130.2     5    26.03

明细已导出：data_analysis\qwen3-8B\dataset1\summary.csv
